0.082353 0.184314 0.592157
0.088443 0.194740 0.597047
0.094533 0.205167 0.601938
0.100623 0.215594 0.606828
0.106713 0.226021 0.611719
0.112803 0.236448 0.616609
0.118893 0.246874 0.621499
0.124983 0.257301 0.626390
0.131073 0.267728 0.631280
0.137163 0.278155 0.636171
0.143253 0.288581 0.641061
0.149343 0.299008 0.645952
0.155433 0.309435 0.650842
0.161522 0.319862 0.655732
0.167612 0.330288 0.660623
0.173702 0.340715 0.665513
0.179792 0.351142 0.670404
0.185882 0.361569 0.675294
0.191972 0.371995 0.680185
0.198062 0.382422 0.685075
0.204152 0.392849 0.689965
0.210242 0.403276 0.694856
0.216332 0.413702 0.699746
0.222422 0.424129 0.704637
0.228512 0.434556 0.709527
0.234602 0.444983 0.714418
0.240692 0.455409 0.719308
0.246782 0.465836 0.724198
0.252872 0.476263 0.729089
0.258962 0.486690 0.733979
0.265052 0.497116 0.738870
0.271142 0.507543 0.743760
0.277232 0.517970 0.748651
0.283322 0.528397 0.753541
0.289412 0.538824 0.758431
0.295502 0.549250 0.763322
0.301592 0.559677 0.768212
0.307682 0.570104 0.773103
0.313772 0.580531 0.777993
0.319862 0.590957 0.782884
0.325952 0.601384 0.787774
0.332042 0.611811 0.792664
0.338131 0.622238 0.797555
0.345790 0.630819 0.801799
0.355017 0.637555 0.805398
0.364245 0.644291 0.808997
0.373472 0.651027 0.812595
0.382699 0.657762 0.816194
0.391926 0.664498 0.819792
0.401153 0.671234 0.823391
0.410381 0.677970 0.826990
0.419608 0.684706 0.830588
0.428835 0.691442 0.834187
0.438062 0.698178 0.837785
0.447290 0.704913 0.841384
0.456517 0.711649 0.844983
0.465744 0.718385 0.848581
0.474971 0.725121 0.852180
0.484198 0.731857 0.855779
0.493426 0.738593 0.859377
0.502653 0.745329 0.862976
0.511880 0.752065 0.866574
0.521107 0.758800 0.870173
0.530334 0.765536 0.873772
0.539562 0.772272 0.877370
0.548789 0.779008 0.880969
0.558016 0.785744 0.884567
0.567243 0.792480 0.888166
0.576471 0.799216 0.891765
0.585698 0.805952 0.895363
0.594925 0.812687 0.898962
0.604152 0.819423 0.902561
0.613379 0.826159 0.906159
0.622607 0.832895 0.909758
0.631834 0.839631 0.913356
0.641061 0.846367 0.916955
0.650288 0.853103 0.920554
0.659516 0.859839 0.924152
0.668743 0.866574 0.927751
0.677970 0.873310 0.931349
0.687197 0.880046 0.934948
0.696424 0.886782 0.938547
0.705652 0.893518 0.942145
0.714879 0.900254 0.945744
0.724106 0.906990 0.949343
0.733333 0.913725 0.952941
0.739608 0.915755 0.954048
0.745882 0.917785 0.955156
0.752157 0.919815 0.956263
0.758431 0.921845 0.957370
0.764706 0.923875 0.958478
0.770980 0.925905 0.959585
0.777255 0.927935 0.960692
0.783529 0.929965 0.961799
0.789804 0.931995 0.962907
0.796078 0.934025 0.964014
0.802353 0.936055 0.965121
0.808627 0.938085 0.966228
0.814902 0.940115 0.967336
0.821176 0.942145 0.968443
0.827451 0.944175 0.969550
0.833725 0.946205 0.970657
0.840000 0.948235 0.971765
0.846275 0.950265 0.972872
0.852549 0.952295 0.973979
0.858824 0.954325 0.975087
0.865098 0.956355 0.976194
0.871373 0.958385 0.977301
0.877647 0.960415 0.978408
0.883922 0.962445 0.979516
0.890196 0.964475 0.980623
0.896471 0.966505 0.981730
0.902745 0.968535 0.982837
0.909020 0.970565 0.983945
0.915294 0.972595 0.985052
0.921569 0.974625 0.986159
0.927843 0.976655 0.987266
0.934118 0.978685 0.988374
0.940392 0.980715 0.989481
0.946667 0.982745 0.990588
0.952941 0.984775 0.991696
0.959216 0.986805 0.992803
0.965490 0.988835 0.993910
0.971765 0.990865 0.995017
0.978039 0.992895 0.996125
0.984314 0.994925 0.997232
0.990588 0.996955 0.998339
0.996863 0.998985 0.999446
1.000000 0.997001 0.993449
1.000000 0.991003 0.980346
1.000000 0.985006 0.967243
1.000000 0.979008 0.954141
1.000000 0.973010 0.941038
1.000000 0.967013 0.927935
1.000000 0.961015 0.914833
1.000000 0.955017 0.901730
1.000000 0.949020 0.888627
1.000000 0.943022 0.875525
1.000000 0.937024 0.862422
1.000000 0.931027 0.849319
1.000000 0.925029 0.836217
1.000000 0.919031 0.823114
1.000000 0.913033 0.810012
1.000000 0.907036 0.796909
1.000000 0.901038 0.783806
1.000000 0.895040 0.770704
1.000000 0.889043 0.757601
1.000000 0.883045 0.744498
1.000000 0.877047 0.731396
1.000000 0.871050 0.718293
1.000000 0.865052 0.705190
1.000000 0.859054 0.692088
1.000000 0.853057 0.678985
1.000000 0.847059 0.665882
1.000000 0.841061 0.652780
1.000000 0.835063 0.639677
1.000000 0.829066 0.626574
1.000000 0.823068 0.613472
1.000000 0.817070 0.600369
1.000000 0.811073 0.587266
1.000000 0.805075 0.574164
1.000000 0.799077 0.561061
1.000000 0.793080 0.547958
1.000000 0.787082 0.534856
1.000000 0.781084 0.521753
1.000000 0.775087 0.508651
1.000000 0.769089 0.495548
1.000000 0.763091 0.482445
1.000000 0.757093 0.469343
1.000000 0.751096 0.456240
1.000000 0.745098 0.443137
0.999908 0.735225 0.437416
0.999815 0.725352 0.431696
0.999723 0.715479 0.425975
0.999631 0.705606 0.420254
0.999539 0.695732 0.414533
0.999446 0.685859 0.408812
0.999354 0.675986 0.403091
0.999262 0.666113 0.397370
0.999170 0.656240 0.391649
0.999077 0.646367 0.385928
0.998985 0.636494 0.380208
0.998893 0.626621 0.374487
0.998800 0.616747 0.368766
0.998708 0.606874 0.363045
0.998616 0.597001 0.357324
0.998524 0.587128 0.351603
0.998431 0.577255 0.345882
0.998339 0.567382 0.340161
0.998247 0.557509 0.334441
0.998155 0.547636 0.328720
0.998062 0.537762 0.322999
0.997970 0.527889 0.317278
0.997878 0.518016 0.311557
0.997785 0.508143 0.305836
0.997693 0.498270 0.300115
0.997601 0.488397 0.294394
0.997509 0.478524 0.288674
0.997416 0.468651 0.282953
0.997324 0.458777 0.277232
0.997232 0.448904 0.271511
0.997140 0.439031 0.265790
0.997047 0.429158 0.260069
0.996955 0.419285 0.254348
0.996863 0.409412 0.248627
0.996770 0.399539 0.242907
0.996678 0.389666 0.237186
0.996586 0.379792 0.231465
0.996494 0.369919 0.225744
0.996401 0.360046 0.220023
0.996309 0.350173 0.214302
0.996217 0.340300 0.208581
0.996125 0.330427 0.202860
0.988651 0.323552 0.199723
0.973795 0.319677 0.199170
0.958939 0.315802 0.198616
0.944083 0.311926 0.198062
0.929227 0.308051 0.197509
0.914371 0.304175 0.196955
0.899516 0.300300 0.196401
0.884660 0.296424 0.195848
0.869804 0.292549 0.195294
0.854948 0.288674 0.194740
0.840092 0.284798 0.194187
0.825236 0.280923 0.193633
0.810381 0.277047 0.193080
0.795525 0.273172 0.192526
0.780669 0.269296 0.191972
0.765813 0.265421 0.191419
0.750957 0.261546 0.190865
0.736101 0.257670 0.190311
0.721246 0.253795 0.189758
0.706390 0.249919 0.189204
0.691534 0.246044 0.188651
0.676678 0.242168 0.188097
0.661822 0.238293 0.187543
0.646967 0.234418 0.186990
0.632111 0.230542 0.186436
0.617255 0.226667 0.185882
0.602399 0.222791 0.185329
0.587543 0.218916 0.184775
0.572687 0.215040 0.184221
0.557832 0.211165 0.183668
0.542976 0.207290 0.183114
0.528120 0.203414 0.182561
0.513264 0.199539 0.182007
0.498408 0.195663 0.181453
0.483552 0.191788 0.180900
0.468697 0.187912 0.180346
0.453841 0.184037 0.179792
0.438985 0.180161 0.179239
0.424129 0.176286 0.178685
0.409273 0.172411 0.178131
0.394418 0.168535 0.177578
0.379562 0.164660 0.177024
0.364706 0.160784 0.176471
