0.031373 0.113725 0.345098
0.038522 0.119396 0.359891
0.045672 0.125066 0.374683
0.052822 0.130737 0.389476
0.059971 0.136407 0.404268
0.067121 0.142078 0.419061
0.074271 0.147748 0.433853
0.081421 0.153419 0.448646
0.088570 0.159089 0.463438
0.095720 0.164760 0.478231
0.102870 0.170430 0.493023
0.110019 0.176101 0.507816
0.117169 0.181771 0.522608
0.124319 0.187441 0.537401
0.131468 0.193112 0.552193
0.138618 0.198782 0.566986
0.145029 0.204892 0.580854
0.144289 0.215246 0.585785
0.143549 0.225601 0.590716
0.142810 0.235956 0.595647
0.142070 0.246311 0.600577
0.141331 0.256665 0.605508
0.140591 0.267020 0.610439
0.139851 0.277375 0.615370
0.139112 0.287730 0.620301
0.138372 0.298084 0.625232
0.137632 0.308439 0.630162
0.136893 0.318794 0.635093
0.136153 0.329149 0.640024
0.135414 0.339503 0.644955
0.134674 0.349858 0.649886
0.133934 0.360213 0.654817
0.133102 0.370983 0.659932
0.131870 0.383557 0.665849
0.130637 0.396131 0.671766
0.129404 0.408704 0.677683
0.128172 0.421278 0.683600
0.126939 0.433852 0.689517
0.125706 0.446425 0.695434
0.124473 0.458999 0.701351
0.123241 0.471572 0.707268
0.122008 0.484146 0.713185
0.120775 0.496720 0.719102
0.119543 0.509293 0.725019
0.118310 0.521867 0.730936
0.117077 0.534441 0.736853
0.115844 0.547014 0.742770
0.114612 0.559588 0.748687
0.116220 0.571191 0.753218
0.125096 0.580313 0.754205
0.133971 0.589435 0.755191
0.142847 0.598557 0.756177
0.151722 0.607680 0.757163
0.160598 0.616802 0.758149
0.169473 0.625924 0.759135
0.178349 0.635046 0.760122
0.187224 0.644168 0.761108
0.196100 0.653290 0.762094
0.204975 0.662412 0.763080
0.213851 0.671534 0.764066
0.222726 0.680656 0.765052
0.231602 0.689778 0.766039
0.240477 0.698900 0.767025
0.249353 0.708022 0.768011
0.260630 0.715851 0.767796
0.275916 0.721521 0.765577
0.291201 0.727191 0.763358
0.306487 0.732862 0.761139
0.321773 0.738532 0.758920
0.337058 0.744203 0.756702
0.352344 0.749873 0.754483
0.367629 0.755544 0.752264
0.382915 0.761214 0.750045
0.398201 0.766885 0.747826
0.413486 0.772555 0.745607
0.428772 0.778226 0.743388
0.444057 0.783896 0.741169
0.459343 0.789566 0.738951
0.474628 0.795237 0.736732
0.489914 0.800907 0.734513
0.506355 0.807155 0.732525
0.524106 0.814058 0.730799
0.541857 0.820962 0.729073
0.559608 0.827865 0.727348
0.577359 0.834768 0.725622
0.595110 0.841671 0.723896
0.612861 0.848574 0.722170
0.630612 0.855477 0.720444
0.648363 0.862381 0.718719
0.666114 0.869284 0.716993
0.683865 0.876187 0.715267
0.701616 0.883090 0.713541
0.719367 0.889993 0.711815
0.737118 0.896896 0.710090
0.754869 0.903800 0.708364
0.772620 0.910703 0.706638
0.785659 0.915804 0.705467
0.795027 0.919502 0.704727
0.804396 0.923201 0.703987
0.813764 0.926899 0.703248
0.823133 0.930597 0.702508
0.832501 0.934295 0.701768
0.841870 0.937993 0.701029
0.851239 0.941691 0.700289
0.860607 0.945389 0.699550
0.869976 0.949087 0.698810
0.879344 0.952786 0.698070
0.888713 0.956484 0.697331
0.898082 0.960182 0.696591
0.907450 0.963880 0.695851
0.916819 0.967578 0.695112
0.926187 0.971276 0.694372
0.932322 0.973681 0.700585
0.936760 0.975407 0.710447
0.941198 0.977132 0.720308
0.945635 0.978858 0.730170
0.950073 0.980584 0.740032
0.954511 0.982310 0.749893
0.958949 0.984036 0.759755
0.963386 0.985761 0.769617
0.967824 0.987487 0.779478
0.972262 0.989213 0.789340
0.976700 0.990939 0.799202
0.981137 0.992665 0.809063
0.985575 0.994390 0.818925
0.990013 0.996116 0.828787
0.994451 0.997842 0.838648
0.998888 0.999568 0.848510
1.000000 0.998888 0.797283
1.000000 0.994451 0.786435
1.000000 0.990013 0.775587
1.000000 0.985575 0.764739
1.000000 0.981137 0.753891
1.000000 0.976700 0.743044
1.000000 0.972262 0.732196
1.000000 0.967824 0.721348
1.000000 0.963386 0.710500
1.000000 0.958949 0.699652
1.000000 0.954511 0.688804
1.000000 0.950073 0.677957
1.000000 0.945635 0.667109
1.000000 0.941198 0.656261
1.000000 0.936760 0.645413
1.000000 0.932322 0.634565
0.999915 0.927715 0.623887
0.999669 0.922784 0.613532
0.999422 0.917853 0.603178
0.999176 0.912922 0.592823
0.998929 0.907991 0.582468
0.998682 0.903061 0.572113
0.998436 0.898130 0.561759
0.998189 0.893199 0.551404
0.997943 0.888268 0.541049
0.997696 0.883337 0.530694
0.997450 0.878406 0.520340
0.997203 0.873476 0.509985
0.996957 0.868545 0.499630
0.996710 0.863614 0.489275
0.996464 0.858683 0.478921
0.996217 0.853752 0.468566
0.996078 0.846770 0.458211
0.996078 0.837155 0.447856
0.996078 0.827540 0.437502
0.996078 0.817925 0.427147
0.996078 0.808310 0.416792
0.996078 0.798695 0.406437
0.996078 0.789079 0.396083
0.996078 0.779464 0.385728
0.996078 0.769849 0.375373
0.996078 0.760234 0.365018
0.996078 0.750619 0.354664
0.996078 0.741004 0.344309
0.996078 0.731389 0.333954
0.996078 0.721774 0.323599
0.996078 0.712158 0.313245
0.996078 0.702543 0.302890
0.995947 0.693190 0.295942
0.995701 0.684068 0.291998
0.995454 0.674946 0.288053
0.995208 0.665824 0.284108
0.994961 0.656702 0.280164
0.994715 0.647580 0.276219
0.994468 0.638458 0.272274
0.994222 0.629336 0.268330
0.993975 0.620214 0.264385
0.993729 0.611092 0.260440
0.993482 0.601970 0.256496
0.993235 0.592848 0.252551
0.992989 0.583726 0.248606
0.992742 0.574604 0.244662
0.992496 0.565482 0.240717
0.992249 0.556360 0.236772
0.992003 0.543230 0.232519
0.991756 0.527698 0.228082
0.991510 0.512166 0.223644
0.991263 0.496633 0.219206
0.991017 0.481101 0.214768
0.990770 0.465569 0.210331
0.990523 0.450037 0.205893
0.990277 0.434505 0.201455
0.990030 0.418973 0.197017
0.989784 0.403441 0.192580
0.989537 0.387909 0.188142
0.989291 0.372376 0.183704
0.989044 0.356844 0.179266
0.988798 0.341312 0.174829
0.988551 0.325780 0.170391
0.988305 0.310248 0.165953
0.983804 0.296666 0.162224
0.977641 0.283845 0.158773
0.971477 0.271025 0.155321
0.965313 0.258205 0.151870
0.959150 0.245385 0.148418
0.952986 0.232565 0.144967
0.946823 0.219745 0.141515
0.940659 0.206924 0.138063
0.934496 0.194104 0.134612
0.928332 0.181284 0.131160
0.922169 0.168464 0.127709
0.916005 0.155644 0.124257
0.909842 0.142823 0.120805
0.903678 0.130003 0.117354
0.897515 0.117183 0.113902
0.891351 0.104363 0.110451
0.882583 0.096752 0.111807
0.873214 0.090342 0.114273
0.863846 0.083932 0.116738
0.854477 0.077522 0.119204
0.845109 0.071111 0.121669
0.835740 0.064701 0.124134
0.826371 0.058291 0.126600
0.817003 0.051881 0.129065
0.807634 0.045471 0.131531
0.798266 0.039061 0.133996
0.788897 0.032651 0.136462
0.779529 0.026241 0.138927
0.770160 0.019831 0.141392
0.760791 0.013421 0.143858
0.751423 0.007011 0.146323
0.742054 0.000601 0.148789
0.727546 0.000000 0.149020
0.712507 0.000000 0.149020
0.697468 0.000000 0.149020
0.682429 0.000000 0.149020
0.667390 0.000000 0.149020
0.652351 0.000000 0.149020
0.637312 0.000000 0.149020
0.622273 0.000000 0.149020
0.607234 0.000000 0.149020
0.592195 0.000000 0.149020
0.577156 0.000000 0.149020
0.562117 0.000000 0.149020
0.547078 0.000000 0.149020
0.532039 0.000000 0.149020
0.517000 0.000000 0.149020
0.501961 0.000000 0.149020
