0.329412 0.188235 0.019608
0.337639 0.194464 0.022684
0.345867 0.200692 0.025759
0.354095 0.206920 0.028835
0.362322 0.213149 0.031911
0.370550 0.219377 0.034987
0.378777 0.225606 0.038062
0.387005 0.231834 0.041138
0.395233 0.238062 0.044214
0.403460 0.244291 0.047290
0.411688 0.250519 0.050365
0.419915 0.256747 0.053441
0.428143 0.262976 0.056517
0.436371 0.269204 0.059592
0.444598 0.275433 0.062668
0.452826 0.281661 0.065744
0.461053 0.287889 0.068820
0.469281 0.294118 0.071895
0.477509 0.300346 0.074971
0.485736 0.306574 0.078047
0.493964 0.312803 0.081123
0.502191 0.319031 0.084198
0.510419 0.325260 0.087274
0.518647 0.331488 0.090350
0.526874 0.337716 0.093426
0.535102 0.343945 0.096501
0.543329 0.350173 0.099577
0.551557 0.356401 0.102653
0.559785 0.362630 0.105729
0.568012 0.368858 0.108804
0.576240 0.375087 0.111880
0.584468 0.381315 0.114956
0.592695 0.387543 0.118032
0.600923 0.393772 0.121107
0.609150 0.400000 0.124183
0.617378 0.406228 0.127259
0.625606 0.412457 0.130334
0.633833 0.418685 0.133410
0.642061 0.424913 0.136486
0.650288 0.431142 0.139562
0.658516 0.437370 0.142637
0.666744 0.443599 0.145713
0.674971 0.449827 0.148789
0.683199 0.456055 0.151865
0.691426 0.462284 0.154940
0.699654 0.468512 0.158016
0.707882 0.474740 0.161092
0.716109 0.480969 0.164168
0.724337 0.487197 0.167243
0.732564 0.493426 0.170319
0.740792 0.499654 0.173395
0.749020 0.505882 0.176471
0.751993 0.512034 0.186928
0.754966 0.518185 0.197386
0.757939 0.524337 0.207843
0.760912 0.530488 0.218301
0.763886 0.536640 0.228758
0.766859 0.542791 0.239216
0.769832 0.548943 0.249673
0.772805 0.555094 0.260131
0.775779 0.561246 0.270588
0.778752 0.567397 0.281046
0.781725 0.573549 0.291503
0.784698 0.579700 0.301961
0.787671 0.585852 0.312418
0.790645 0.592003 0.322876
0.793618 0.598155 0.333333
0.796591 0.604306 0.343791
0.799564 0.610458 0.354248
0.802537 0.616609 0.364706
0.805511 0.622760 0.375163
0.808484 0.628912 0.385621
0.811457 0.635063 0.396078
0.814430 0.641215 0.406536
0.817404 0.647366 0.416993
0.820377 0.653518 0.427451
0.823350 0.659669 0.437908
0.826323 0.665821 0.448366
0.829296 0.671972 0.458824
0.832270 0.678124 0.469281
0.835243 0.684275 0.479739
0.838216 0.690427 0.490196
0.841189 0.696578 0.500654
0.844163 0.702730 0.511111
0.847136 0.708881 0.521569
0.850109 0.715033 0.532026
0.853082 0.721184 0.542484
0.856055 0.727336 0.552941
0.859029 0.733487 0.563399
0.862002 0.739639 0.573856
0.864975 0.745790 0.584314
0.867948 0.751942 0.594771
0.870921 0.758093 0.605229
0.873895 0.764245 0.615686
0.876868 0.770396 0.626144
0.879841 0.776547 0.636601
0.882814 0.782699 0.647059
0.885788 0.788850 0.657516
0.888761 0.795002 0.667974
0.891734 0.801153 0.678431
0.894707 0.807305 0.688889
0.897680 0.813456 0.699346
0.900654 0.819608 0.709804
0.903627 0.825759 0.720261
0.906600 0.831911 0.730719
0.909573 0.838062 0.741176
0.912546 0.844214 0.751634
0.915520 0.850365 0.762092
0.918493 0.856517 0.772549
0.921466 0.862668 0.783007
0.924439 0.868820 0.793464
0.927413 0.874971 0.803922
0.930386 0.881123 0.814379
0.933359 0.887274 0.824837
0.936332 0.893426 0.835294
0.939305 0.899577 0.845752
0.942279 0.905729 0.856209
0.945252 0.911880 0.866667
0.948225 0.918032 0.877124
0.951198 0.924183 0.887582
0.954171 0.930334 0.898039
0.957145 0.936486 0.908497
0.960118 0.942637 0.918954
0.963091 0.948789 0.929412
0.966064 0.954940 0.939869
0.969038 0.961092 0.950327
0.972011 0.967243 0.960784
0.974984 0.973395 0.971242
0.971447 0.973959 0.973754
0.961399 0.968935 0.968320
0.951352 0.963911 0.962886
0.941305 0.958888 0.957452
0.931257 0.953864 0.952018
0.921210 0.948840 0.946585
0.911162 0.943816 0.941151
0.901115 0.938793 0.935717
0.891068 0.933769 0.930283
0.881020 0.928745 0.924849
0.870973 0.923722 0.919416
0.860925 0.918698 0.913982
0.850878 0.913674 0.908548
0.840830 0.908651 0.903114
0.830783 0.903627 0.897680
0.820736 0.898603 0.892247
0.810688 0.893579 0.886813
0.800641 0.888556 0.881379
0.790593 0.883532 0.875945
0.780546 0.878508 0.870511
0.770499 0.873485 0.865078
0.760451 0.868461 0.859644
0.750404 0.863437 0.854210
0.740356 0.858413 0.848776
0.730309 0.853390 0.843342
0.720261 0.848366 0.837908
0.710214 0.843342 0.832475
0.700167 0.838319 0.827041
0.690119 0.833295 0.821607
0.680072 0.828271 0.816173
0.670024 0.823247 0.810739
0.659977 0.818224 0.805306
0.649930 0.813200 0.799872
0.639882 0.808176 0.794438
0.629835 0.803153 0.789004
0.619787 0.798129 0.783570
0.609740 0.793105 0.778137
0.599692 0.788082 0.772703
0.589645 0.783058 0.767269
0.579598 0.778034 0.761835
0.569550 0.773010 0.756401
0.559503 0.767987 0.750968
0.549455 0.762963 0.745534
0.539408 0.757939 0.740100
0.529361 0.752916 0.734666
0.519313 0.747892 0.729232
0.509266 0.742868 0.723799
0.499218 0.737844 0.718365
0.489171 0.732821 0.712931
0.479123 0.727797 0.707497
0.469076 0.722773 0.702063
0.459029 0.717750 0.696630
0.448981 0.712726 0.691196
0.438934 0.707702 0.685762
0.428886 0.702678 0.680328
0.418839 0.697655 0.674894
0.408791 0.692631 0.669460
0.398744 0.687607 0.664027
0.388697 0.682584 0.658593
0.378649 0.677560 0.653159
0.368602 0.672536 0.647725
0.358554 0.667512 0.642291
0.348507 0.662489 0.636858
0.338460 0.657465 0.631424
0.328412 0.652441 0.625990
0.318365 0.647418 0.620556
0.308317 0.642394 0.615122
0.298270 0.637370 0.609689
0.288222 0.632347 0.604255
0.278175 0.627323 0.598821
0.268128 0.622299 0.593387
0.258080 0.617275 0.587953
0.248033 0.612252 0.582520
0.237985 0.607228 0.577086
0.227938 0.602204 0.571652
0.217891 0.597181 0.566218
0.207843 0.592157 0.560784
0.203768 0.585160 0.553479
0.199692 0.578162 0.546175
0.195617 0.571165 0.538870
0.191542 0.564168 0.531565
0.187466 0.557170 0.524260
0.183391 0.550173 0.516955
0.179316 0.543176 0.509650
0.175240 0.536178 0.502345
0.171165 0.529181 0.495040
0.167090 0.522184 0.487735
0.163014 0.515186 0.480431
0.158939 0.508189 0.473126
0.154864 0.501192 0.465821
0.150788 0.494195 0.458516
0.146713 0.487197 0.451211
0.142637 0.480200 0.443906
0.138562 0.473203 0.436601
0.134487 0.466205 0.429296
0.130411 0.459208 0.421992
0.126336 0.452211 0.414687
0.122261 0.445213 0.407382
0.118185 0.438216 0.400077
0.114110 0.431219 0.392772
0.110035 0.424221 0.385467
0.105959 0.417224 0.378162
0.101884 0.410227 0.370857
0.097809 0.403230 0.363552
0.093733 0.396232 0.356248
0.089658 0.389235 0.348943
0.085582 0.382238 0.341638
0.081507 0.375240 0.334333
0.077432 0.368243 0.327028
0.073356 0.361246 0.319723
0.069281 0.354248 0.312418
0.065206 0.347251 0.305113
0.061130 0.340254 0.297809
0.057055 0.333256 0.290504
0.052980 0.326259 0.283199
0.048904 0.319262 0.275894
0.044829 0.312265 0.268589
0.040754 0.305267 0.261284
0.036678 0.298270 0.253979
0.032603 0.291273 0.246674
0.028527 0.284275 0.239369
0.024452 0.277278 0.232065
0.020377 0.270281 0.224760
0.016301 0.263283 0.217455
0.012226 0.256286 0.210150
0.008151 0.249289 0.202845
0.004075 0.242291 0.195540
0.000000 0.235294 0.188235
