0.08235294117647059 0.18431372549019609 0.59215686274509804
0.08844290657439446 0.19474048442906575 0.59704728950403696
0.09453287197231834 0.20516724336793543 0.60193771626297576
0.10062283737024222 0.21559400230680509 0.60682814302191468
0.10671280276816610 0.22602076124567475 0.61171856978085348
0.11280276816608997 0.23644752018454440 0.61660899653979240
0.11889273356401384 0.24687427912341409 0.62149942329873131
0.12498269896193773 0.25730103806228377 0.62638985005767012
0.13107266435986159 0.26772779700115340 0.63128027681660903
0.13716262975778548 0.27815455594002308 0.63617070357554784
0.14325259515570934 0.28858131487889271 0.64106113033448675
0.14934256055363324 0.29900807381776240 0.64595155709342567
0.15543252595155710 0.30943483275663208 0.65084198385236447
0.16152249134948099 0.31986159169550177 0.65573241061130338
0.16761245674740485 0.33028835063437140 0.66062283737024219
0.17370242214532872 0.34071510957324108 0.66551326412918110
0.17979238754325261 0.35114186851211071 0.67040369088812002
0.18588235294117650 0.36156862745098040 0.67529411764705882
0.19197231833910033 0.37199538638985008 0.68018454440599774
0.19806228373702423 0.38242214532871976 0.68507497116493665
0.20415224913494812 0.39284890426758939 0.68996539792387546
0.21024221453287201 0.40327566320645908 0.69485582468281437
0.21633217993079590 0.41370242214532871 0.69974625144175318
0.22242214532871973 0.42412918108419839 0.70463667820069209
0.22851211072664362 0.43455594002306802 0.70952710495963089
0.23460207612456752 0.44498269896193771 0.71441753171856981
0.24069204152249135 0.45540945790080739 0.71930795847750872
0.24678200692041524 0.46583621683967702 0.72419838523644753
0.25287197231833913 0.47626297577854670 0.72908881199538644
0.25896193771626297 0.48668973471741639 0.73397923875432536
0.26505190311418686 0.49711649365628607 0.73886966551326416
0.27114186851211075 0.50754325259515576 0.74376009227220297
0.27723183391003464 0.51797001153402533 0.74865051903114188
0.28332179930795842 0.52839677047289491 0.75354094579008080
0.28941176470588237 0.53882352941176470 0.75843137254901971
0.29550173010380626 0.54925028835063427 0.76332179930795852
0.30159169550173009 0.55967704728950407 0.76821222606689732
0.30768166089965393 0.57010380622837364 0.77310265282583623
0.31377162629757788 0.58053056516724344 0.77799307958477515
0.31986159169550177 0.59095732410611301 0.78288350634371395
0.32595155709342560 0.60138408304498270 0.78777393310265287
0.33204152249134944 0.61181084198385227 0.79266435986159167
0.33813148788927339 0.62223760092272207 0.79755478662053059
0.34579008073817763 0.63081891580161475 0.80179930795847754
0.35501730103806228 0.63755478662053056 0.80539792387543252
0.36424452133794688 0.64429065743944636 0.80899653979238750
0.37347174163783159 0.65102652825836216 0.81259515570934260
0.38269896193771624 0.65776239907727796 0.81619377162629758
0.39192618223760095 0.66449826989619376 0.81979238754325268
0.40115340253748555 0.67123414071510956 0.82339100346020766
0.41038062283737026 0.67797001153402536 0.82698961937716264
0.41960784313725491 0.68470588235294116 0.83058823529411763
0.42883506343713956 0.69144175317185697 0.83418685121107272
0.43806228373702416 0.69817762399077277 0.83778546712802771
0.44728950403690887 0.70491349480968857 0.84138408304498269
0.45651672433679352 0.71164936562860437 0.84498269896193778
0.46574394463667818 0.71838523644752017 0.84858131487889277
0.47497116493656277 0.72512110726643597 0.85217993079584775
0.48419838523644754 0.73185697808535177 0.85577854671280273
0.49342560553633219 0.73859284890426757 0.85937716262975783
0.50265282583621684 0.74532871972318337 0.86297577854671281
0.51188004613610139 0.75206459054209918 0.86657439446366780
0.52110726643598615 0.75880046136101498 0.87017301038062289
0.53033448673587080 0.76553633217993078 0.87377162629757787
0.53956170703575546 0.77227220299884658 0.87737024221453286
0.54878892733564011 0.77900807381776238 0.88096885813148784
0.55801614763552465 0.78574394463667807 0.88456747404844283
0.56724336793540941 0.79247981545559398 0.88816608996539792
0.57647058823529407 0.79921568627450978 0.89176470588235290
0.58569780853517872 0.80595155709342559 0.89536332179930800
0.59492502883506337 0.81268742791234139 0.89896193771626298
0.60415224913494803 0.81942329873125719 0.90256055363321797
0.61337946943483268 0.82615916955017299 0.90615916955017295
0.62260668973471733 0.83289504036908879 0.90975778546712804
0.63183391003460199 0.83963091118800448 0.91335640138408292
0.64106113033448664 0.84636678200692039 0.91695501730103801
0.65028835063437129 0.85310265282583619 0.92055363321799299
0.65951557093425595 0.85983852364475200 0.92415224913494809
0.66874279123414071 0.86657439446366780 0.92775086505190307
0.67797001153402525 0.87331026528258360 0.93134948096885806
0.68719723183390991 0.88004613610149940 0.93494809688581304
0.69642445213379467 0.88678200692041520 0.93854671280276813
0.70565167243367921 0.89351787773933089 0.94214532871972312
0.71487889273356386 0.90025374855824680 0.94574394463667810
0.72410611303344863 0.90698961937716260 0.94934256055363320
0.73333333333333328 0.91372549019607840 0.95294117647058818
0.73960784313725481 0.91575547866205298 0.95404844290657431
0.74588235294117644 0.91778546712802767 0.95515570934256055
0.75215686274509796 0.91981545559400224 0.95626297577854669
0.75843137254901960 0.92184544405997693 0.95737024221453282
0.76470588235294101 0.92387543252595150 0.95847750865051895
0.77098039215686265 0.92590542099192619 0.95958477508650519
0.77725490196078428 0.92793540945790076 0.96069204152249132
0.78352941176470581 0.92996539792387545 0.96179930795847746
0.78980392156862744 0.93199538638985002 0.96290657439446359
0.79607843137254897 0.93402537485582471 0.96401384083044983
0.80235294117647060 0.93605536332179928 0.96512110726643596
0.80862745098039213 0.93808535178777386 0.96622837370242209
0.81490196078431365 0.94011534025374854 0.96733564013840823
0.82117647058823529 0.94214532871972312 0.96844290657439447
0.82745098039215681 0.94417531718569780 0.96955017301038060
0.83372549019607844 0.94620530565167238 0.97065743944636673
0.83999999999999997 0.94823529411764707 0.97176470588235286
0.84627450980392149 0.95026528258362164 0.97287197231833911
0.85254901960784313 0.95229527104959633 0.97397923875432524
0.85882352941176465 0.95432525951557090 0.97508650519031137
0.86509803921568618 0.95635524798154548 0.97619377162629750
0.87137254901960781 0.95838523644752016 0.97730103806228374
0.87764705882352945 0.96041522491349474 0.97840830449826988
0.88392156862745097 0.96244521337946942 0.97951557093425601
0.89019607843137250 0.96447520184544411 0.98062283737024214
0.89647058823529413 0.96650519031141868 0.98173010380622838
0.90274509803921565 0.96853517877739326 0.98283737024221451
0.90901960784313718 0.97056516724336794 0.98394463667820065
0.91529411764705870 0.97259515570934252 0.98505190311418678
0.92156862745098045 0.97462514417531720 0.98615916955017302
0.92784313725490197 0.97665513264129178 0.98726643598615915
0.93411764705882350 0.97868512110726646 0.98837370242214528
0.94039215686274513 0.98071510957324104 0.98948096885813153
0.94666666666666666 0.98274509803921573 0.99058823529411766
0.95294117647058818 0.98477508650519030 0.99169550173010379
0.95921568627450982 0.98680507497116499 0.99280276816608992
0.96549019607843123 0.98883506343713956 0.99391003460207605
0.97176470588235297 0.99086505190311414 0.99501730103806230
0.97803921568627450 0.99289504036908882 0.99612456747404843
0.98431372549019613 0.99492502883506340 0.99723183391003456
0.99058823529411766 0.99695501730103808 0.99833910034602080
0.99686274509803918 0.99898500576701266 0.99944636678200693
1.00000000000000000 0.99700115340253748 0.99344867358708189
1.00000000000000000 0.99100346020761243 0.98034602076124566
1.00000000000000000 0.98500576701268738 0.96724336793540944
1.00000000000000000 0.97900807381776245 0.95414071510957321
1.00000000000000000 0.97301038062283751 0.94103806228373743
1.00000000000000000 0.96701268742791235 0.92793540945790076
1.00000000000000000 0.96101499423298731 0.91483275663206454
1.00000000000000000 0.95501730103806226 0.90173010380622842
1.00000000000000000 0.94901960784313721 0.88862745098039220
1.00000000000000000 0.94302191464821228 0.87552479815455597
1.00000000000000000 0.93702422145328723 0.86242214532871975
1.00000000000000000 0.93102652825836218 0.84931949250288352
1.00000000000000000 0.92502883506343714 0.83621683967704730
1.00000000000000000 0.91903114186851209 0.82311418685121107
1.00000000000000000 0.91303344867358704 0.81001153402537485
1.00000000000000000 0.90703575547866211 0.79690888119953862
1.00000000000000000 0.90103806228373706 0.78380622837370240
1.00000000000000000 0.89504036908881202 0.77070357554786617
1.00000000000000000 0.88904267589388697 0.75760092272202995
1.00000000000000000 0.88304498269896192 0.74449826989619372
1.00000000000000000 0.87704728950403710 0.73139561707035794
1.00000000000000000 0.87104959630911183 0.71829296424452127
1.00000000000000000 0.86505190311418689 0.70519031141868505
1.00000000000000000 0.85905420991926185 0.69208765859284882
1.00000000000000000 0.85305651672433680 0.67898500576701271
1.00000000000000000 0.84705882352941175 0.66588235294117648
1.00000000000000000 0.84106113033448671 0.65277970011534026
1.00000000000000000 0.83506343713956177 0.63967704728950403
1.00000000000000000 0.82906574394463672 0.62657439446366792
1.00000000000000000 0.82306805074971168 0.61347174163783158
1.00000000000000000 0.81707035755478663 0.60036908881199536
1.00000000000000000 0.81107266435986158 0.58726643598615913
1.00000000000000000 0.80507497116493654 0.57416378316032302
1.00000000000000000 0.79907727797001149 0.56106113033448679
1.00000000000000000 0.79307958477508655 0.54795847750865057
1.00000000000000000 0.78708189158016151 0.53485582468281434
1.00000000000000000 0.78108419838523668 0.52175317185697845
1.00000000000000000 0.77508650519031141 0.50865051903114189
1.00000000000000000 0.76908881199538637 0.49554786620530566
1.00000000000000000 0.76309111880046143 0.48244521337946944
1.00000000000000000 0.75709342560553639 0.46934256055363321
1.00000000000000000 0.75109573241061134 0.45623990772779699
1.00000000000000000 0.74509803921568629 0.44313725490196076
0.99990772779700110 0.73522491349480967 0.43741637831603225
0.99981545559400231 0.72535178777393305 0.43169550173010379
0.99972318339100341 0.71547866205305655 0.42597462514417528
0.99963091118800462 0.70560553633217993 0.42025374855824682
0.99953863898500572 0.69573241061130331 0.41453287197231831
0.99944636678200693 0.68585928489042669 0.40881199538638979
0.99935409457900803 0.67598615916955018 0.40309111880046133
0.99926182237600925 0.66611303344867356 0.39737024221453282
0.99916955017301035 0.65623990772779695 0.39164936562860431
0.99907727797001156 0.64636678200692066 0.38592848904267602
0.99898500576701266 0.63649365628604371 0.38020761245674733
0.99889273356401387 0.62662053056516720 0.37448673587081888
0.99880046136101497 0.61674740484429058 0.36876585928489036
0.99870818915801618 0.60687427912341396 0.36304498269896190
0.99861591695501728 0.59700115340253745 0.35732410611303339
0.99852364475201849 0.58712802768166084 0.35160322952710488
0.99843137254901959 0.57725490196078422 0.34588235294117642
0.99833910034602080 0.56738177623990760 0.34016147635524790
0.99824682814302190 0.55750865051903098 0.33444059976931939
0.99815455594002311 0.54763552479815447 0.32871972318339093
0.99806228373702421 0.53776239907727785 0.32299884659746242
0.99797001153402543 0.52788927335640123 0.31727797001153391
0.99787773933102653 0.51801614763552462 0.31155709342560545
0.99778546712802774 0.50814302191464811 0.30583621683967699
0.99769319492502884 0.49826989619377149 0.30011534025374847
0.99760092272203005 0.48839677047289515 0.29439446366782013
0.99750865051903115 0.47852364475201831 0.28867358708189150
0.99741637831603225 0.46865051903114169 0.28295271049596299
0.99732410611303346 0.45877739331026512 0.27723183391003448
0.99723183391003456 0.44890426758938851 0.27151095732410602
0.99713956170703577 0.43903114186851189 0.26579008073817750
0.99704728950403687 0.42915801614763532 0.26006920415224899
0.99695501730103808 0.41928489042675871 0.25434832756632053
0.99686274509803918 0.40941176470588214 0.24862745098039205
0.99677047289504039 0.39953863898500558 0.24290657439446356
0.99667820069204149 0.38966551326412896 0.23718569780853505
0.99658592848904271 0.37979238754325234 0.23146482122260656
0.99649365628604381 0.36991926182237578 0.22574394463667807
0.99640138408304502 0.36004613610149916 0.22002306805074956
0.99630911188004612 0.35017301038062260 0.21430219146482107
0.99621683967704733 0.34029988465974598 0.20858131487889259
0.99612456747404843 0.33042675893886964 0.20286043829296424
0.98865051903114143 0.32355247981545548 0.19972318339100345
0.97379469434832722 0.31967704728950397 0.19916955017301038
0.95893886966551289 0.31580161476355240 0.19861591695501729
0.94408304498269857 0.31192618223760082 0.19806228373702423
0.92922722029988436 0.30805074971164925 0.19750865051903113
0.91437139561707004 0.30417531718569774 0.19695501730103807
0.89951557093425571 0.30029988465974616 0.19640138408304497
0.88465974625144139 0.29642445213379459 0.19584775086505191
0.86980392156862707 0.29254901960784307 0.19529411764705881
0.85494809688581286 0.28867358708189150 0.19474048442906575
0.84009227220299854 0.28479815455593993 0.19418685121107265
0.82523644752018432 0.28092272202998841 0.19363321799307959
0.81038062283737000 0.27704728950403684 0.19307958477508649
0.79552479815455568 0.27317185697808527 0.19252595155709343
0.78066897347174136 0.26929642445213375 0.19197231833910033
0.76581314878892748 0.26542099192618229 0.19141868512110730
0.75095732410611282 0.26154555940023061 0.19086505190311420
0.73610149942329850 0.25767012687427909 0.19031141868512111
0.72124567474048418 0.25379469434832752 0.18975778546712802
0.70638985005766997 0.24991926182237595 0.18920415224913495
0.69153402537485564 0.24604382929642440 0.18865051903114188
0.67667820069204132 0.24216839677047286 0.18809688581314879
0.66182237600922700 0.23829296424452129 0.18754325259515572
0.64696655132641279 0.23441753171856974 0.18698961937716263
0.63211072664359846 0.23054209919261820 0.18643598615916956
0.61725490196078414 0.22666666666666663 0.18588235294117647
0.60239907727796993 0.22279123414071508 0.18532871972318340
0.58754325259515561 0.21891580161476354 0.18477508650519031
0.57268742791234128 0.21504036908881197 0.18422145328719725
0.55783160322952696 0.21116493656286042 0.18366782006920415
0.54297577854671264 0.20728950403690885 0.18311418685121109
0.52811995386389887 0.20341407151095742 0.18256055363321802
0.51326412918108411 0.19953863898500576 0.18200692041522493
0.49840830449826989 0.19566320645905422 0.18145328719723183
0.48355247981545557 0.19178777393310265 0.18089965397923877
0.46869665513264125 0.18791234140715107 0.18034602076124567
0.45384083044982704 0.18403690888119953 0.17979238754325261
0.43898500576701271 0.18016147635524798 0.17923875432525951
0.42412918108419839 0.17628604382929641 0.17868512110726645
0.40927335640138407 0.17241061130334487 0.17813148788927335
0.39441753171856975 0.16853517877739332 0.17757785467128029
0.37956170703575554 0.16465974625144178 0.17702422145328722
0.36470588235294116 0.16078431372549021 0.17647058823529413
