0.000000 0.266667 0.223529
0.006920 0.274817 0.226605
0.013841 0.282968 0.229681
0.020761 0.291119 0.232757
0.027682 0.299270 0.235832
0.034602 0.307420 0.238908
0.041522 0.315571 0.241984
0.048443 0.323722 0.245060
0.055363 0.331872 0.248135
0.062284 0.340023 0.251211
0.069204 0.348174 0.254287
0.076125 0.356324 0.257363
0.083045 0.364475 0.260438
0.089965 0.372626 0.263514
0.096886 0.380777 0.266590
0.103806 0.388927 0.269666
0.110727 0.397078 0.272741
0.117647 0.405229 0.275817
0.124567 0.413379 0.278893
0.131488 0.421530 0.281968
0.138408 0.429681 0.285044
0.145329 0.437832 0.288120
0.152249 0.445982 0.291196
0.159170 0.454133 0.294271
0.166090 0.462284 0.297347
0.173010 0.470434 0.300423
0.179931 0.478585 0.303499
0.186851 0.486736 0.306574
0.193772 0.494887 0.309650
0.200692 0.503037 0.312726
0.207612 0.511188 0.315802
0.214533 0.519339 0.318877
0.221453 0.527489 0.321953
0.228374 0.535640 0.325029
0.235294 0.543791 0.328105
0.242215 0.551942 0.331180
0.249135 0.560092 0.334256
0.256055 0.568243 0.337332
0.262976 0.576394 0.340408
0.269896 0.584544 0.343483
0.276817 0.592695 0.346559
0.283737 0.600846 0.349635
0.290657 0.608997 0.352710
0.297578 0.617147 0.355786
0.304498 0.625298 0.358862
0.311419 0.633449 0.361938
0.318339 0.641599 0.365013
0.325260 0.649750 0.368089
0.332180 0.657901 0.371165
0.339100 0.666052 0.374241
0.346021 0.674202 0.377316
0.352941 0.682353 0.380392
0.361092 0.686198 0.388184
0.369243 0.690042 0.395976
0.377393 0.693887 0.403768
0.385544 0.697732 0.411560
0.393695 0.701576 0.419352
0.401845 0.705421 0.427143
0.409996 0.709266 0.434935
0.418147 0.713110 0.442727
0.426298 0.716955 0.450519
0.434448 0.720800 0.458311
0.442599 0.724644 0.466103
0.450750 0.728489 0.473895
0.458900 0.732334 0.481687
0.467051 0.736178 0.489478
0.475202 0.740023 0.497270
0.483353 0.743868 0.505062
0.491503 0.747712 0.512854
0.499654 0.751557 0.520646
0.507805 0.755402 0.528438
0.515955 0.759246 0.536230
0.524106 0.763091 0.544022
0.532257 0.766936 0.551813
0.540408 0.770780 0.559605
0.548558 0.774625 0.567397
0.556709 0.778470 0.575189
0.564860 0.782314 0.582981
0.573010 0.786159 0.590773
0.581161 0.790004 0.598565
0.589312 0.793849 0.606357
0.597463 0.797693 0.614148
0.605613 0.801538 0.621940
0.613764 0.805383 0.629732
0.621915 0.809227 0.637524
0.630065 0.813072 0.645316
0.638216 0.816917 0.653108
0.646367 0.820761 0.660900
0.654517 0.824606 0.668692
0.662668 0.828451 0.676483
0.670819 0.832295 0.684275
0.678970 0.836140 0.692067
0.687120 0.839985 0.699859
0.695271 0.843829 0.707651
0.703422 0.847674 0.715443
0.711572 0.851519 0.723235
0.719723 0.855363 0.731027
0.727874 0.859208 0.738818
0.736025 0.863053 0.746610
0.744175 0.866897 0.754402
0.752326 0.870742 0.762194
0.760477 0.874587 0.769986
0.768627 0.878431 0.777778
0.776778 0.882276 0.785570
0.784929 0.886121 0.793362
0.793080 0.889965 0.801153
0.801230 0.893810 0.808945
0.809381 0.897655 0.816737
0.817532 0.901499 0.824529
0.825682 0.905344 0.832321
0.833833 0.909189 0.840113
0.841984 0.913033 0.847905
0.850135 0.916878 0.855697
0.858285 0.920723 0.863488
0.866436 0.924567 0.871280
0.874587 0.928412 0.879072
0.882737 0.932257 0.886864
0.890888 0.936101 0.894656
0.899039 0.939946 0.902448
0.907190 0.943791 0.910240
0.915340 0.947636 0.918032
0.923491 0.951480 0.925823
0.931642 0.955325 0.933615
0.939792 0.959170 0.941407
0.947943 0.963014 0.949199
0.956094 0.966859 0.956991
0.964245 0.970704 0.964783
0.972395 0.974548 0.972575
0.974010 0.972959 0.974471
0.969089 0.965936 0.970473
0.964168 0.958913 0.966474
0.959246 0.951890 0.962476
0.954325 0.944867 0.958478
0.949404 0.937844 0.954479
0.944483 0.930821 0.950481
0.939562 0.923799 0.946482
0.934641 0.916776 0.942484
0.929719 0.909753 0.938485
0.924798 0.902730 0.934487
0.919877 0.895707 0.930488
0.914956 0.888684 0.926490
0.910035 0.881661 0.922491
0.905113 0.874638 0.918493
0.900192 0.867615 0.914494
0.895271 0.860592 0.910496
0.890350 0.853569 0.906498
0.885429 0.846546 0.902499
0.880507 0.839523 0.898501
0.875586 0.832500 0.894502
0.870665 0.825477 0.890504
0.865744 0.818454 0.886505
0.860823 0.811432 0.882507
0.855902 0.804409 0.878508
0.850980 0.797386 0.874510
0.846059 0.790363 0.870511
0.841138 0.783340 0.866513
0.836217 0.776317 0.862514
0.831296 0.769294 0.858516
0.826374 0.762271 0.854517
0.821453 0.755248 0.850519
0.816532 0.748225 0.846521
0.811611 0.741202 0.842522
0.806690 0.734179 0.838524
0.801769 0.727156 0.834525
0.796847 0.720133 0.830527
0.791926 0.713110 0.826528
0.787005 0.706087 0.822530
0.782084 0.699064 0.818531
0.777163 0.692042 0.814533
0.772241 0.685019 0.810534
0.767320 0.677996 0.806536
0.762399 0.670973 0.802537
0.757478 0.663950 0.798539
0.752557 0.656927 0.794541
0.747636 0.649904 0.790542
0.742714 0.642881 0.786544
0.737793 0.635858 0.782545
0.732872 0.628835 0.778547
0.727951 0.621812 0.774548
0.723030 0.614789 0.770550
0.718108 0.607766 0.766551
0.713187 0.600743 0.762553
0.708266 0.593720 0.758554
0.703345 0.586697 0.754556
0.698424 0.579674 0.750557
0.693502 0.572652 0.746559
0.688581 0.565629 0.742561
0.683660 0.558606 0.738562
0.678739 0.551583 0.734564
0.673818 0.544560 0.730565
0.668897 0.537537 0.726567
0.663975 0.530514 0.722568
0.659054 0.523491 0.718570
0.654133 0.516468 0.714571
0.649212 0.509445 0.710573
0.644291 0.502422 0.706574
0.639369 0.495399 0.702576
0.634448 0.488376 0.698577
0.629527 0.481353 0.694579
0.624606 0.474330 0.690581
0.619685 0.467307 0.686582
0.614764 0.460285 0.682584
0.609842 0.453262 0.678585
0.604921 0.446239 0.674587
0.600000 0.439216 0.670588
0.593156 0.430604 0.663206
0.586313 0.421992 0.655825
0.579469 0.413379 0.648443
0.572626 0.404767 0.641061
0.565782 0.396155 0.633679
0.558939 0.387543 0.626298
0.552095 0.378931 0.618916
0.545252 0.370319 0.611534
0.538408 0.361707 0.604152
0.531565 0.353095 0.596770
0.524721 0.344483 0.589389
0.517878 0.335871 0.582007
0.511034 0.327259 0.574625
0.504191 0.318647 0.567243
0.497347 0.310035 0.559862
0.490504 0.301423 0.552480
0.483660 0.292810 0.545098
0.476817 0.284198 0.537716
0.469973 0.275586 0.530334
0.463130 0.266974 0.522953
0.456286 0.258362 0.515571
0.449443 0.249750 0.508189
0.442599 0.241138 0.500807
0.435755 0.232526 0.493426
0.428912 0.223914 0.486044
0.422068 0.215302 0.478662
0.415225 0.206690 0.471280
0.408381 0.198078 0.463899
0.401538 0.189466 0.456517
0.394694 0.180854 0.449135
0.387851 0.172241 0.441753
0.381007 0.163629 0.434371
0.374164 0.155017 0.426990
0.367320 0.146405 0.419608
0.360477 0.137793 0.412226
0.353633 0.129181 0.404844
0.346790 0.120569 0.397463
0.339946 0.111957 0.390081
0.333103 0.103345 0.382699
0.326259 0.094733 0.375317
0.319416 0.086121 0.367935
0.312572 0.077509 0.360554
0.305729 0.068897 0.353172
0.298885 0.060285 0.345790
0.292042 0.051672 0.338408
0.285198 0.043060 0.331027
0.278354 0.034448 0.323645
0.271511 0.025836 0.316263
0.264667 0.017224 0.308881
0.257824 0.008612 0.301499
0.250980 0.000000 0.294118
