1.000000 1.000000 1.000000
1.000000 1.000000 1.000000
1.000000 1.000000 1.000000
1.000000 1.000000 1.000000
1.000000 1.000000 1.000000
1.000000 1.000000 1.000000
1.000000 1.000000 1.000000
1.000000 1.000000 1.000000
0.858824 0.934725 0.974194
0.858824 0.934725 0.974194
0.858824 0.934725 0.974194
0.858824 0.934725 0.974194
0.858824 0.934725 0.974194
0.858824 0.934725 0.974194
0.858824 0.934725 0.974194
0.858824 0.934725 0.974194
0.717647 0.869450 0.948387
0.717647 0.869450 0.948387
0.717647 0.869450 0.948387
0.717647 0.869450 0.948387
0.717647 0.869450 0.948387
0.717647 0.869450 0.948387
0.717647 0.869450 0.948387
0.717647 0.869450 0.948387
0.576471 0.804175 0.922581
0.576471 0.804175 0.922581
0.576471 0.804175 0.922581
0.576471 0.804175 0.922581
0.576471 0.804175 0.922581
0.576471 0.804175 0.922581
0.576471 0.804175 0.922581
0.576471 0.804175 0.922581
0.435294 0.738899 0.896774
0.435294 0.738899 0.896774
0.435294 0.738899 0.896774
0.435294 0.738899 0.896774
0.435294 0.738899 0.896774
0.435294 0.738899 0.896774
0.435294 0.738899 0.896774
0.435294 0.738899 0.896774
0.294118 0.673624 0.870968
0.294118 0.673624 0.870968
0.294118 0.673624 0.870968
0.294118 0.673624 0.870968
0.294118 0.673624 0.870968
0.294118 0.673624 0.870968
0.294118 0.673624 0.870968
0.294118 0.673624 0.870968
0.300949 0.686781 0.828716
0.300949 0.686781 0.828716
0.300949 0.686781 0.828716
0.300949 0.686781 0.828716
0.300949 0.686781 0.828716
0.300949 0.686781 0.828716
0.300949 0.686781 0.828716
0.300949 0.686781 0.828716
0.337381 0.715623 0.783175
0.337381 0.715623 0.783175
0.337381 0.715623 0.783175
0.337381 0.715623 0.783175
0.337381 0.715623 0.783175
0.337381 0.715623 0.783175
0.337381 0.715623 0.783175
0.337381 0.715623 0.783175
0.373814 0.744466 0.737634
0.373814 0.744466 0.737634
0.373814 0.744466 0.737634
0.373814 0.744466 0.737634
0.373814 0.744466 0.737634
0.373814 0.744466 0.737634
0.373814 0.744466 0.737634
0.373814 0.744466 0.737634
0.410247 0.773308 0.692094
0.410247 0.773308 0.692094
0.410247 0.773308 0.692094
0.410247 0.773308 0.692094
0.410247 0.773308 0.692094
0.410247 0.773308 0.692094
0.410247 0.773308 0.692094
0.410247 0.773308 0.692094
0.446679 0.802151 0.646553
0.446679 0.802151 0.646553
0.446679 0.802151 0.646553
0.446679 0.802151 0.646553
0.446679 0.802151 0.646553
0.446679 0.802151 0.646553
0.446679 0.802151 0.646553
0.446679 0.802151 0.646553
0.495762 0.815307 0.583808
0.495762 0.815307 0.583808
0.495762 0.815307 0.583808
0.495762 0.815307 0.583808
0.495762 0.815307 0.583808
0.495762 0.815307 0.583808
0.495762 0.815307 0.583808
0.495762 0.815307 0.583808
0.551170 0.820620 0.512460
0.551170 0.820620 0.512460
0.551170 0.820620 0.512460
0.551170 0.820620 0.512460
0.551170 0.820620 0.512460
0.551170 0.820620 0.512460
0.551170 0.820620 0.512460
0.551170 0.820620 0.512460
0.606578 0.825933 0.441113
0.606578 0.825933 0.441113
0.606578 0.825933 0.441113
0.606578 0.825933 0.441113
0.606578 0.825933 0.441113
0.606578 0.825933 0.441113
0.606578 0.825933 0.441113
0.606578 0.825933 0.441113
0.661986 0.831246 0.369766
0.661986 0.831246 0.369766
0.661986 0.831246 0.369766
0.661986 0.831246 0.369766
0.661986 0.831246 0.369766
0.661986 0.831246 0.369766
0.661986 0.831246 0.369766
0.661986 0.831246 0.369766
0.717394 0.836559 0.298419
0.717394 0.836559 0.298419
0.717394 0.836559 0.298419
0.717394 0.836559 0.298419
0.717394 0.836559 0.298419
0.717394 0.836559 0.298419
0.717394 0.836559 0.298419
0.717394 0.836559 0.298419
0.769766 0.825553 0.255155
0.769766 0.825553 0.255155
0.769766 0.825553 0.255155
0.769766 0.825553 0.255155
0.769766 0.825553 0.255155
0.769766 0.825553 0.255155
0.769766 0.825553 0.255155
0.769766 0.825553 0.255155
0.819102 0.798229 0.239975
0.819102 0.798229 0.239975
0.819102 0.798229 0.239975
0.819102 0.798229 0.239975
0.819102 0.798229 0.239975
0.819102 0.798229 0.239975
0.819102 0.798229 0.239975
0.819102 0.798229 0.239975
0.868438 0.770904 0.224794
0.868438 0.770904 0.224794
0.868438 0.770904 0.224794
0.868438 0.770904 0.224794
0.868438 0.770904 0.224794
0.868438 0.770904 0.224794
0.868438 0.770904 0.224794
0.868438 0.770904 0.224794
0.917774 0.743580 0.209614
0.917774 0.743580 0.209614
0.917774 0.743580 0.209614
0.917774 0.743580 0.209614
0.917774 0.743580 0.209614
0.917774 0.743580 0.209614
0.917774 0.743580 0.209614
0.917774 0.743580 0.209614
0.967109 0.716256 0.194434
0.967109 0.716256 0.194434
0.967109 0.716256 0.194434
0.967109 0.716256 0.194434
0.967109 0.716256 0.194434
0.967109 0.716256 0.194434
0.967109 0.716256 0.194434
0.967109 0.716256 0.194434
1.000000 0.668438 0.178748
1.000000 0.668438 0.178748
1.000000 0.668438 0.178748
1.000000 0.668438 0.178748
1.000000 0.668438 0.178748
1.000000 0.668438 0.178748
1.000000 0.668438 0.178748
1.000000 0.668438 0.178748
1.000000 0.579633 0.162049
1.000000 0.579633 0.162049
1.000000 0.579633 0.162049
1.000000 0.579633 0.162049
1.000000 0.579633 0.162049
1.000000 0.579633 0.162049
1.000000 0.579633 0.162049
1.000000 0.579633 0.162049
1.000000 0.490829 0.145351
1.000000 0.490829 0.145351
1.000000 0.490829 0.145351
1.000000 0.490829 0.145351
1.000000 0.490829 0.145351
1.000000 0.490829 0.145351
1.000000 0.490829 0.145351
1.000000 0.490829 0.145351
1.000000 0.402024 0.128653
1.000000 0.402024 0.128653
1.000000 0.402024 0.128653
1.000000 0.402024 0.128653
1.000000 0.402024 0.128653
1.000000 0.402024 0.128653
1.000000 0.402024 0.128653
1.000000 0.402024 0.128653
1.000000 0.313219 0.111954
1.000000 0.313219 0.111954
1.000000 0.313219 0.111954
1.000000 0.313219 0.111954
1.000000 0.313219 0.111954
1.000000 0.313219 0.111954
1.000000 0.313219 0.111954
1.000000 0.313219 0.111954
0.984567 0.234788 0.097533
0.984567 0.234788 0.097533
0.984567 0.234788 0.097533
0.984567 0.234788 0.097533
0.984567 0.234788 0.097533
0.984567 0.234788 0.097533
0.984567 0.234788 0.097533
0.984567 0.234788 0.097533
0.891967 0.208223 0.094497
0.891967 0.208223 0.094497
0.891967 0.208223 0.094497
0.891967 0.208223 0.094497
0.891967 0.208223 0.094497
0.891967 0.208223 0.094497
0.891967 0.208223 0.094497
0.891967 0.208223 0.094497
0.799367 0.181657 0.091461
0.799367 0.181657 0.091461
0.799367 0.181657 0.091461
0.799367 0.181657 0.091461
0.799367 0.181657 0.091461
0.799367 0.181657 0.091461
0.799367 0.181657 0.091461
0.799367 0.181657 0.091461
0.706768 0.155092 0.088425
0.706768 0.155092 0.088425
0.706768 0.155092 0.088425
0.706768 0.155092 0.088425
0.706768 0.155092 0.088425
0.706768 0.155092 0.088425
0.706768 0.155092 0.088425
0.706768 0.155092 0.088425
0.614168 0.128526 0.085389
0.614168 0.128526 0.085389
0.614168 0.128526 0.085389
0.614168 0.128526 0.085389
0.614168 0.128526 0.085389
0.614168 0.128526 0.085389
0.614168 0.128526 0.085389
0.614168 0.128526 0.085389
0.521569 0.101961 0.082353
0.521569 0.101961 0.082353
0.521569 0.101961 0.082353
0.521569 0.101961 0.082353
0.521569 0.101961 0.082353
0.521569 0.101961 0.082353
0.521569 0.101961 0.082353
0.521569 0.101961 0.082353
