0.000000 0.000980 0.004902
0.000000 0.001588 0.007939
0.000000 0.002195 0.010977
0.000000 0.002803 0.014014
0.000000 0.003410 0.017051
0.000000 0.004018 0.020089
0.000000 0.004625 0.023126
0.000000 0.005233 0.026163
0.000000 0.005840 0.029201
0.000000 0.006448 0.032238
0.000000 0.007055 0.035275
0.000000 0.007663 0.038312
0.000000 0.008270 0.041350
0.000000 0.008878 0.044387
0.000000 0.009485 0.047424
0.000000 0.010092 0.050462
0.000000 0.010699 0.053499
0.000000 0.011307 0.056536
0.000000 0.011914 0.059573
0.000000 0.012522 0.062610
0.000000 0.013130 0.065647
0.000000 0.013737 0.068685
0.000000 0.014345 0.071722
0.000000 0.014952 0.074759
0.000000 0.015560 0.077797
0.000000 0.016167 0.080834
0.000000 0.016775 0.083871
0.000000 0.017382 0.086909
0.000000 0.017989 0.089946
0.000000 0.018596 0.092983
0.000000 0.019204 0.096021
0.000000 0.019811 0.099058
0.000000 0.020419 0.102095
0.000000 0.021026 0.105132
0.000000 0.021634 0.108170
0.000000 0.022241 0.111207
0.000000 0.022849 0.114244
0.000000 0.023456 0.117282
0.000000 0.024064 0.120319
0.000000 0.024671 0.123356
0.000000 0.025279 0.126394
0.000000 0.025887 0.129431
0.000000 0.026494 0.132468
0.000000 0.027101 0.135506
0.000000 0.027708 0.138543
0.000000 0.028316 0.141580
0.000000 0.028923 0.144618
0.000000 0.029531 0.147655
0.000000 0.030138 0.150692
0.000000 0.030746 0.153730
0.000000 0.031353 0.156767
0.000000 0.031961 0.159804
0.000000 0.032568 0.162842
0.000000 0.033176 0.165879
0.000000 0.033783 0.168916
0.000000 0.034391 0.171953
0.000000 0.034998 0.174991
0.000000 0.035606 0.178028
0.000000 0.036213 0.181065
0.000000 0.036821 0.184102
0.000000 0.037428 0.187139
0.000000 0.038035 0.190176
0.000000 0.041292 0.195251
0.000000 0.045848 0.201326
0.000000 0.050403 0.207401
0.000000 0.056709 0.214821
0.000000 0.065213 0.223933
0.000000 0.073718 0.233045
0.000000 0.082222 0.242157
0.000000 0.090726 0.251269
0.000000 0.099231 0.260381
0.000000 0.107735 0.269493
0.000000 0.116240 0.278605
0.000000 0.124744 0.287717
0.000000 0.133249 0.296829
0.000000 0.141753 0.305940
0.000000 0.150257 0.315052
0.000000 0.158762 0.324164
0.000000 0.167266 0.333275
0.000000 0.175771 0.342387
0.000000 0.184275 0.351499
0.000000 0.192780 0.360611
0.000000 0.201284 0.369723
0.000000 0.209788 0.378835
0.000000 0.218293 0.387947
0.000000 0.226797 0.397059
0.000000 0.235302 0.406171
0.000000 0.243806 0.415283
0.000000 0.252311 0.424395
0.000000 0.260815 0.433506
0.000000 0.269319 0.442618
0.000000 0.277824 0.451730
0.000000 0.286328 0.460842
0.000000 0.294833 0.469954
0.000000 0.303337 0.479066
0.000000 0.311842 0.488178
0.000000 0.320346 0.497289
0.000000 0.328850 0.506401
0.000000 0.337355 0.515513
0.000000 0.345859 0.524625
0.000000 0.354364 0.533737
0.000000 0.362868 0.542849
0.000000 0.371373 0.551961
0.000000 0.379877 0.561072
0.000000 0.388381 0.570184
0.000000 0.396886 0.579296
0.000000 0.405390 0.588408
0.000000 0.413895 0.597520
0.000000 0.422399 0.606632
0.000000 0.430904 0.615744
0.000000 0.439408 0.624856
0.000000 0.447912 0.633968
0.000000 0.456417 0.643080
0.000000 0.464921 0.652192
0.000000 0.473426 0.661304
0.000000 0.481930 0.670416
0.000000 0.490435 0.679528
0.000000 0.498939 0.688639
0.000000 0.507443 0.697751
0.000000 0.515948 0.706863
0.000000 0.524452 0.715974
0.000000 0.532957 0.725086
0.000000 0.541461 0.734198
0.000000 0.549966 0.743310
0.000000 0.558470 0.752422
0.000000 0.566974 0.761534
0.000595 0.575320 0.770016
0.005819 0.582427 0.773600
0.011044 0.589534 0.777184
0.016268 0.596641 0.780768
0.026121 0.602510 0.779454
0.036569 0.608220 0.777510
0.047017 0.613930 0.775566
0.057465 0.619641 0.773622
0.067914 0.625351 0.771678
0.078362 0.631061 0.769734
0.088811 0.636771 0.767790
0.099259 0.642481 0.765847
0.109707 0.648191 0.763903
0.120155 0.653901 0.761959
0.130604 0.659611 0.760015
0.141052 0.665321 0.758071
0.151500 0.671031 0.756127
0.161949 0.676742 0.754183
0.172397 0.682452 0.752240
0.182845 0.688162 0.750296
0.193293 0.693872 0.748352
0.203742 0.699582 0.746408
0.214190 0.705292 0.744464
0.224638 0.711003 0.742520
0.235087 0.716713 0.740577
0.245535 0.722423 0.738633
0.255983 0.728133 0.736689
0.266431 0.733843 0.734745
0.276880 0.739553 0.732801
0.287328 0.745263 0.730857
0.297776 0.750973 0.728913
0.308225 0.756683 0.726970
0.318673 0.762393 0.725026
0.329121 0.768154 0.723082
0.339570 0.773925 0.721138
0.350018 0.779696 0.719194
0.360466 0.785504 0.717250
0.370914 0.791336 0.715306
0.381363 0.797167 0.713363
0.391811 0.802999 0.711419
0.402259 0.808830 0.709475
0.412708 0.814662 0.707531
0.423156 0.820494 0.705587
0.433604 0.826325 0.703643
0.444052 0.832157 0.701699
0.454500 0.837988 0.699756
0.464949 0.843820 0.697812
0.475397 0.849652 0.695868
0.485846 0.855483 0.693924
0.496294 0.861315 0.691980
0.506742 0.867146 0.690036
0.517190 0.872978 0.688092
0.527639 0.878809 0.686149
0.538087 0.884641 0.684204
0.548535 0.890473 0.682260
0.558984 0.896304 0.680317
0.569432 0.902136 0.678373
0.579880 0.907967 0.676429
0.590328 0.913799 0.674485
0.600777 0.919631 0.672541
0.611225 0.925462 0.670597
0.621674 0.931294 0.668653
0.632122 0.937126 0.666710
0.642570 0.942958 0.664766
0.653018 0.948789 0.662822
0.661876 0.953166 0.662874
0.669469 0.956386 0.664515
0.677063 0.959605 0.666155
0.683716 0.961965 0.668974
0.688455 0.962572 0.674199
0.693193 0.963179 0.679423
0.697931 0.963787 0.684647
0.702669 0.964394 0.689871
0.707407 0.965002 0.695095
0.712145 0.965609 0.700319
0.716883 0.966217 0.705543
0.721622 0.966824 0.710767
0.726360 0.967432 0.715991
0.731098 0.968039 0.721216
0.735836 0.968647 0.726440
0.740574 0.969254 0.731664
0.745312 0.969862 0.736888
0.750050 0.970469 0.742112
0.754789 0.971077 0.747337
0.759527 0.971684 0.752561
0.764265 0.972292 0.757785
0.769004 0.972899 0.763009
0.773742 0.973506 0.768233
0.778480 0.974113 0.773457
0.783218 0.974721 0.778681
0.787956 0.975329 0.783905
0.792695 0.975936 0.789130
0.797433 0.976544 0.794354
0.802171 0.977151 0.799578
0.806909 0.977759 0.804802
0.811647 0.978366 0.810026
0.816385 0.978974 0.815251
0.821123 0.979581 0.820492
0.825862 0.980189 0.825776
0.830600 0.980796 0.831061
0.835338 0.981404 0.836349
0.840076 0.982011 0.841694
0.844814 0.982618 0.847040
0.849552 0.983225 0.852386
0.854290 0.983833 0.857731
0.859029 0.984440 0.863077
0.863767 0.985048 0.868423
0.868505 0.985655 0.873768
0.873243 0.986263 0.879114
0.877981 0.986870 0.884460
0.882719 0.987478 0.889805
0.887458 0.988086 0.895151
0.892196 0.988693 0.900497
0.896935 0.989301 0.905842
0.901673 0.989908 0.911188
0.906411 0.990515 0.916534
0.911149 0.991122 0.921879
0.915887 0.991730 0.927225
0.920625 0.992337 0.932571
0.925364 0.992945 0.937916
0.930102 0.993552 0.943262
0.934840 0.994160 0.948608
0.939578 0.994767 0.953953
0.944316 0.995375 0.959299
0.949054 0.995982 0.964645
0.953792 0.996590 0.969990
0.958531 0.997197 0.975336
0.963269 0.997805 0.980682
0.968007 0.998412 0.986027
0.972745 0.999020 0.991373
