0.505882 0.121569 0.941176
0.505882 0.121569 0.941176
0.505882 0.121569 0.941176
0.505882 0.121569 0.941176
0.505882 0.121569 0.941176
0.505882 0.121569 0.941176
0.505882 0.121569 0.941176
0.505882 0.121569 0.941176
0.410753 0.151929 0.940164
0.410753 0.151929 0.940164
0.410753 0.151929 0.940164
0.410753 0.151929 0.940164
0.410753 0.151929 0.940164
0.410753 0.151929 0.940164
0.410753 0.151929 0.940164
0.410753 0.151929 0.940164
0.315623 0.182290 0.939152
0.315623 0.182290 0.939152
0.315623 0.182290 0.939152
0.315623 0.182290 0.939152
0.315623 0.182290 0.939152
0.315623 0.182290 0.939152
0.315623 0.182290 0.939152
0.315623 0.182290 0.939152
0.220493 0.212650 0.938140
0.220493 0.212650 0.938140
0.220493 0.212650 0.938140
0.220493 0.212650 0.938140
0.220493 0.212650 0.938140
0.220493 0.212650 0.938140
0.220493 0.212650 0.938140
0.220493 0.212650 0.938140
0.136496 0.249715 0.939279
0.136496 0.249715 0.939279
0.136496 0.249715 0.939279
0.136496 0.249715 0.939279
0.136496 0.249715 0.939279
0.136496 0.249715 0.939279
0.136496 0.249715 0.939279
0.136496 0.249715 0.939279
0.130424 0.333713 0.955471
0.130424 0.333713 0.955471
0.130424 0.333713 0.955471
0.130424 0.333713 0.955471
0.130424 0.333713 0.955471
0.130424 0.333713 0.955471
0.130424 0.333713 0.955471
0.130424 0.333713 0.955471
0.124352 0.417710 0.971664
0.124352 0.417710 0.971664
0.124352 0.417710 0.971664
0.124352 0.417710 0.971664
0.124352 0.417710 0.971664
0.124352 0.417710 0.971664
0.124352 0.417710 0.971664
0.124352 0.417710 0.971664
0.118280 0.501708 0.987856
0.118280 0.501708 0.987856
0.118280 0.501708 0.987856
0.118280 0.501708 0.987856
0.118280 0.501708 0.987856
0.118280 0.501708 0.987856
0.118280 0.501708 0.987856
0.118280 0.501708 0.987856
0.125870 0.577609 0.997723
0.125870 0.577609 0.997723
0.125870 0.577609 0.997723
0.125870 0.577609 0.997723
0.125870 0.577609 0.997723
0.125870 0.577609 0.997723
0.125870 0.577609 0.997723
0.125870 0.577609 0.997723
0.174447 0.629222 0.988615
0.174447 0.629222 0.988615
0.174447 0.629222 0.988615
0.174447 0.629222 0.988615
0.174447 0.629222 0.988615
0.174447 0.629222 0.988615
0.174447 0.629222 0.988615
0.174447 0.629222 0.988615
0.223023 0.680835 0.979507
0.223023 0.680835 0.979507
0.223023 0.680835 0.979507
0.223023 0.680835 0.979507
0.223023 0.680835 0.979507
0.223023 0.680835 0.979507
0.223023 0.680835 0.979507
0.223023 0.680835 0.979507
0.271600 0.732448 0.970398
0.271600 0.732448 0.970398
0.271600 0.732448 0.970398
0.271600 0.732448 0.970398
0.271600 0.732448 0.970398
0.271600 0.732448 0.970398
0.271600 0.732448 0.970398
0.271600 0.732448 0.970398
0.369513 0.787476 0.968121
0.369513 0.787476 0.968121
0.369513 0.787476 0.968121
0.369513 0.787476 0.968121
0.369513 0.787476 0.968121
0.369513 0.787476 0.968121
0.369513 0.787476 0.968121
0.369513 0.787476 0.968121
0.549652 0.848197 0.977230
0.549652 0.848197 0.977230
0.549652 0.848197 0.977230
0.549652 0.848197 0.977230
0.549652 0.848197 0.977230
0.549652 0.848197 0.977230
0.549652 0.848197 0.977230
0.549652 0.848197 0.977230
0.729791 0.908918 0.986338
0.729791 0.908918 0.986338
0.729791 0.908918 0.986338
0.729791 0.908918 0.986338
0.729791 0.908918 0.986338
0.729791 0.908918 0.986338
0.729791 0.908918 0.986338
0.729791 0.908918 0.986338
0.909930 0.969639 0.995446
0.909930 0.969639 0.995446
0.909930 0.969639 0.995446
0.909930 0.969639 0.995446
0.909930 0.969639 0.995446
0.909930 0.969639 0.995446
0.909930 0.969639 0.995446
0.909930 0.969639 0.995446
1.000000 0.971664 0.883112
1.000000 0.971664 0.883112
1.000000 0.971664 0.883112
1.000000 0.971664 0.883112
1.000000 0.971664 0.883112
1.000000 0.971664 0.883112
1.000000 0.971664 0.883112
1.000000 0.971664 0.883112
1.000000 0.914991 0.649336
1.000000 0.914991 0.649336
1.000000 0.914991 0.649336
1.000000 0.914991 0.649336
1.000000 0.914991 0.649336
1.000000 0.914991 0.649336
1.000000 0.914991 0.649336
1.000000 0.914991 0.649336
1.000000 0.858318 0.415560
1.000000 0.858318 0.415560
1.000000 0.858318 0.415560
1.000000 0.858318 0.415560
1.000000 0.858318 0.415560
1.000000 0.858318 0.415560
1.000000 0.858318 0.415560
1.000000 0.858318 0.415560
1.000000 0.801645 0.181784
1.000000 0.801645 0.181784
1.000000 0.801645 0.181784
1.000000 0.801645 0.181784
1.000000 0.801645 0.181784
1.000000 0.801645 0.181784
1.000000 0.801645 0.181784
1.000000 0.801645 0.181784
1.000000 0.722201 0.078937
1.000000 0.722201 0.078937
1.000000 0.722201 0.078937
1.000000 0.722201 0.078937
1.000000 0.722201 0.078937
1.000000 0.722201 0.078937
1.000000 0.722201 0.078937
1.000000 0.722201 0.078937
1.000000 0.629096 0.054649
1.000000 0.629096 0.054649
1.000000 0.629096 0.054649
1.000000 0.629096 0.054649
1.000000 0.629096 0.054649
1.000000 0.629096 0.054649
1.000000 0.629096 0.054649
1.000000 0.629096 0.054649
1.000000 0.535990 0.030361
1.000000 0.535990 0.030361
1.000000 0.535990 0.030361
1.000000 0.535990 0.030361
1.000000 0.535990 0.030361
1.000000 0.535990 0.030361
1.000000 0.535990 0.030361
1.000000 0.535990 0.030361
1.000000 0.442884 0.006072
1.000000 0.442884 0.006072
1.000000 0.442884 0.006072
1.000000 0.442884 0.006072
1.000000 0.442884 0.006072
1.000000 0.442884 0.006072
1.000000 0.442884 0.006072
1.000000 0.442884 0.006072
0.977230 0.338393 0.000000
0.977230 0.338393 0.000000
0.977230 0.338393 0.000000
0.977230 0.338393 0.000000
0.977230 0.338393 0.000000
0.977230 0.338393 0.000000
0.977230 0.338393 0.000000
0.977230 0.338393 0.000000
0.946869 0.230108 0.000000
0.946869 0.230108 0.000000
0.946869 0.230108 0.000000
0.946869 0.230108 0.000000
0.946869 0.230108 0.000000
0.946869 0.230108 0.000000
0.946869 0.230108 0.000000
0.946869 0.230108 0.000000
0.916509 0.121822 0.000000
0.916509 0.121822 0.000000
0.916509 0.121822 0.000000
0.916509 0.121822 0.000000
0.916509 0.121822 0.000000
0.916509 0.121822 0.000000
0.916509 0.121822 0.000000
0.916509 0.121822 0.000000
0.886148 0.013536 0.000000
0.886148 0.013536 0.000000
0.886148 0.013536 0.000000
0.886148 0.013536 0.000000
0.886148 0.013536 0.000000
0.886148 0.013536 0.000000
0.886148 0.013536 0.000000
0.886148 0.013536 0.000000
0.908918 0.157622 0.157622
0.908918 0.157622 0.157622
0.908918 0.157622 0.157622
0.908918 0.157622 0.157622
0.908918 0.157622 0.157622
0.908918 0.157622 0.157622
0.908918 0.157622 0.157622
0.908918 0.157622 0.157622
0.939279 0.337761 0.337761
0.939279 0.337761 0.337761
0.939279 0.337761 0.337761
0.939279 0.337761 0.337761
0.939279 0.337761 0.337761
0.939279 0.337761 0.337761
0.939279 0.337761 0.337761
0.939279 0.337761 0.337761
0.969639 0.517900 0.517900
0.969639 0.517900 0.517900
0.969639 0.517900 0.517900
0.969639 0.517900 0.517900
0.969639 0.517900 0.517900
0.969639 0.517900 0.517900
0.969639 0.517900 0.517900
0.969639 0.517900 0.517900
1.000000 0.698039 0.698039
1.000000 0.698039 0.698039
1.000000 0.698039 0.698039
1.000000 0.698039 0.698039
1.000000 0.698039 0.698039
1.000000 0.698039 0.698039
1.000000 0.698039 0.698039
1.000000 0.698039 0.698039
