1.000000 1.000000 0.898039
0.994823 0.997334 0.895835
0.989645 0.994669 0.893631
0.984468 0.992003 0.891426
0.979290 0.989337 0.889222
0.974113 0.986672 0.887018
0.968935 0.984006 0.884814
0.963758 0.981341 0.882609
0.958580 0.978675 0.880405
0.953403 0.976009 0.878201
0.948225 0.973344 0.875996
0.943048 0.970678 0.873792
0.937870 0.968012 0.871588
0.932693 0.965347 0.869384
0.927515 0.962681 0.867179
0.922338 0.960015 0.864975
0.917160 0.957350 0.862771
0.911983 0.954684 0.860566
0.906805 0.952018 0.858362
0.901628 0.949353 0.856158
0.896450 0.946687 0.853954
0.891273 0.944022 0.851749
0.886095 0.941356 0.849545
0.880918 0.938690 0.847341
0.875740 0.936025 0.845136
0.870563 0.933359 0.842932
0.865385 0.930693 0.840728
0.860208 0.928028 0.838524
0.855030 0.925362 0.836319
0.849853 0.922696 0.834115
0.844675 0.920031 0.831911
0.839498 0.917365 0.829707
0.834320 0.914699 0.827502
0.829143 0.912034 0.825298
0.823965 0.909368 0.823094
0.818788 0.906703 0.820889
0.813610 0.904037 0.818685
0.808433 0.901371 0.816481
0.803255 0.898706 0.814277
0.798078 0.896040 0.812072
0.792900 0.893374 0.809868
0.787723 0.890709 0.807664
0.782545 0.888043 0.805459
0.777368 0.885377 0.803255
0.772190 0.882712 0.801051
0.767013 0.880046 0.798847
0.761835 0.877380 0.796642
0.756658 0.874715 0.794438
0.751480 0.872049 0.792234
0.746303 0.869384 0.790029
0.741125 0.866718 0.787825
0.735948 0.864052 0.785621
0.730770 0.861387 0.783417
0.725593 0.858721 0.781212
0.720415 0.856055 0.779008
0.715238 0.853390 0.776804
0.710060 0.850724 0.774600
0.704883 0.848058 0.772395
0.699705 0.845393 0.770191
0.694528 0.842727 0.767987
0.689350 0.840062 0.765782
0.684173 0.837396 0.763578
0.678995 0.834730 0.761374
0.673818 0.832065 0.759170
0.668640 0.829399 0.756965
0.663463 0.826733 0.754761
0.658285 0.824068 0.752557
0.653108 0.821402 0.750352
0.647930 0.818736 0.748148
0.642753 0.816071 0.745944
0.637575 0.813405 0.743740
0.632398 0.810739 0.741535
0.627220 0.808074 0.739331
0.622043 0.805408 0.737127
0.616865 0.802743 0.734922
0.611688 0.800077 0.732718
0.606510 0.797411 0.730514
0.601333 0.794746 0.728310
0.596155 0.792080 0.726105
0.590978 0.789414 0.723901
0.585800 0.786749 0.721697
0.580623 0.784083 0.719493
0.575445 0.781417 0.717288
0.570268 0.778752 0.715084
0.565090 0.776086 0.712880
0.559913 0.773420 0.710675
0.554735 0.770755 0.708471
0.549558 0.768089 0.706267
0.544380 0.765424 0.704063
0.539203 0.762758 0.701858
0.534025 0.760092 0.699654
0.528848 0.757427 0.697450
0.523670 0.754761 0.695245
0.518493 0.752095 0.693041
0.513315 0.749430 0.690837
0.508138 0.746764 0.688633
0.502960 0.744098 0.686428
0.497783 0.741433 0.684224
0.492605 0.738767 0.682020
0.487428 0.736101 0.679815
0.482250 0.733436 0.677611
0.477073 0.730770 0.675407
0.471895 0.728105 0.673203
0.466718 0.725439 0.670998
0.461540 0.722773 0.668794
0.456363 0.720108 0.666590
0.451185 0.717442 0.664385
0.446008 0.714776 0.662181
0.440830 0.712111 0.659977
0.435653 0.709445 0.657773
0.430475 0.706779 0.655568
0.425298 0.704114 0.653364
0.420120 0.701448 0.651160
0.414943 0.698783 0.648956
0.409765 0.696117 0.646751
0.404588 0.693451 0.644547
0.399410 0.690786 0.642343
0.394233 0.688120 0.640138
0.389055 0.685454 0.637934
0.383878 0.682789 0.635730
0.378700 0.680123 0.633526
0.373523 0.677457 0.631321
0.368346 0.674792 0.629117
0.363168 0.672126 0.626913
0.357991 0.669460 0.624708
0.352813 0.666795 0.622504
0.347636 0.664129 0.620300
0.342458 0.661464 0.618096
0.337281 0.658798 0.615891
0.332103 0.656132 0.613687
0.326926 0.653467 0.611483
0.321748 0.650801 0.609278
0.316571 0.648135 0.607074
0.311393 0.645470 0.604870
0.306216 0.642804 0.602666
0.301038 0.640138 0.600461
0.295861 0.637473 0.598257
0.290683 0.634807 0.596053
0.285506 0.632141 0.593849
0.280328 0.629476 0.591644
0.275151 0.626810 0.589440
0.269973 0.624145 0.587236
0.264796 0.621479 0.585031
0.259618 0.618813 0.582827
0.254441 0.616148 0.580623
0.249263 0.613482 0.578419
0.244086 0.610816 0.576214
0.238908 0.608151 0.574010
0.233731 0.605485 0.571806
0.228553 0.602819 0.569601
0.223376 0.600154 0.567397
0.218198 0.597488 0.565193
0.213021 0.594823 0.562989
0.207843 0.592157 0.560784
0.205805 0.588658 0.557132
0.203768 0.585160 0.553479
0.201730 0.581661 0.549827
0.199692 0.578162 0.546175
0.197655 0.574664 0.542522
0.195617 0.571165 0.538870
0.193579 0.567666 0.535217
0.191542 0.564168 0.531565
0.189504 0.560669 0.527912
0.187466 0.557170 0.524260
0.185429 0.553672 0.520607
0.183391 0.550173 0.516955
0.181353 0.546674 0.513303
0.179316 0.543176 0.509650
0.177278 0.539677 0.505998
0.175240 0.536178 0.502345
0.173203 0.532680 0.498693
0.171165 0.529181 0.495040
0.169127 0.525682 0.491388
0.167090 0.522184 0.487735
0.165052 0.518685 0.484083
0.163014 0.515186 0.480431
0.160977 0.511688 0.476778
0.158939 0.508189 0.473126
0.156901 0.504691 0.469473
0.154864 0.501192 0.465821
0.152826 0.497693 0.462168
0.150788 0.494195 0.458516
0.148750 0.490696 0.454864
0.146713 0.487197 0.451211
0.144675 0.483699 0.447559
0.142637 0.480200 0.443906
0.140600 0.476701 0.440254
0.138562 0.473203 0.436601
0.136524 0.469704 0.432949
0.134487 0.466205 0.429296
0.132449 0.462707 0.425644
0.130411 0.459208 0.421992
0.128374 0.455709 0.418339
0.126336 0.452211 0.414687
0.124298 0.448712 0.411034
0.122261 0.445213 0.407382
0.120223 0.441715 0.403729
0.118185 0.438216 0.400077
0.116148 0.434717 0.396424
0.114110 0.431219 0.392772
0.112072 0.427720 0.389120
0.110035 0.424221 0.385467
0.107997 0.420723 0.381815
0.105959 0.417224 0.378162
0.103922 0.413725 0.374510
0.101884 0.410227 0.370857
0.099846 0.406728 0.367205
0.097809 0.403230 0.363552
0.095771 0.399731 0.359900
0.093733 0.396232 0.356248
0.091696 0.392734 0.352595
0.089658 0.389235 0.348943
0.087620 0.385736 0.345290
0.085582 0.382238 0.341638
0.083545 0.378739 0.337985
0.081507 0.375240 0.334333
0.079469 0.371742 0.330681
0.077432 0.368243 0.327028
0.075394 0.364744 0.323376
0.073356 0.361246 0.319723
0.071319 0.357747 0.316071
0.069281 0.354248 0.312418
0.067243 0.350750 0.308766
0.065206 0.347251 0.305113
0.063168 0.343752 0.301461
0.061130 0.340254 0.297809
0.059093 0.336755 0.294156
0.057055 0.333256 0.290504
0.055017 0.329758 0.286851
0.052980 0.326259 0.283199
0.050942 0.322760 0.279546
0.048904 0.319262 0.275894
0.046867 0.315763 0.272241
0.044829 0.312265 0.268589
0.042791 0.308766 0.264937
0.040754 0.305267 0.261284
0.038716 0.301769 0.257632
0.036678 0.298270 0.253979
0.034641 0.294771 0.250327
0.032603 0.291273 0.246674
0.030565 0.287774 0.243022
0.028527 0.284275 0.239369
0.026490 0.280777 0.235717
0.024452 0.277278 0.232065
0.022414 0.273779 0.228412
0.020377 0.270281 0.224760
0.018339 0.266782 0.221107
0.016301 0.263283 0.217455
0.014264 0.259785 0.213802
0.012226 0.256286 0.210150
0.010188 0.252787 0.206498
0.008151 0.249289 0.202845
0.006113 0.245790 0.199193
0.004075 0.242291 0.195540
0.002038 0.238793 0.191888
0.000000 0.235294 0.188235
