0.309804 0.309804 0.580392
0.309804 0.309804 0.580392
0.309804 0.309804 0.580392
0.309804 0.309804 0.580392
0.309804 0.309804 0.580392
0.309804 0.309804 0.580392
0.309804 0.309804 0.580392
0.309804 0.309804 0.580392
0.337128 0.364453 0.605440
0.337128 0.364453 0.605440
0.337128 0.364453 0.605440
0.337128 0.364453 0.605440
0.337128 0.364453 0.605440
0.337128 0.364453 0.605440
0.337128 0.364453 0.605440
0.337128 0.364453 0.605440
0.364453 0.419102 0.630487
0.364453 0.419102 0.630487
0.364453 0.419102 0.630487
0.364453 0.419102 0.630487
0.364453 0.419102 0.630487
0.364453 0.419102 0.630487
0.364453 0.419102 0.630487
0.364453 0.419102 0.630487
0.391777 0.473751 0.655534
0.391777 0.473751 0.655534
0.391777 0.473751 0.655534
0.391777 0.473751 0.655534
0.391777 0.473751 0.655534
0.391777 0.473751 0.655534
0.391777 0.473751 0.655534
0.391777 0.473751 0.655534
0.419102 0.528400 0.680582
0.419102 0.528400 0.680582
0.419102 0.528400 0.680582
0.419102 0.528400 0.680582
0.419102 0.528400 0.680582
0.419102 0.528400 0.680582
0.419102 0.528400 0.680582
0.419102 0.528400 0.680582
0.446426 0.583049 0.705629
0.446426 0.583049 0.705629
0.446426 0.583049 0.705629
0.446426 0.583049 0.705629
0.446426 0.583049 0.705629
0.446426 0.583049 0.705629
0.446426 0.583049 0.705629
0.446426 0.583049 0.705629
0.499051 0.633270 0.733839
0.499051 0.633270 0.733839
0.499051 0.633270 0.733839
0.499051 0.633270 0.733839
0.499051 0.633270 0.733839
0.499051 0.633270 0.733839
0.499051 0.633270 0.733839
0.499051 0.633270 0.733839
0.556736 0.682606 0.762682
0.556736 0.682606 0.762682
0.556736 0.682606 0.762682
0.556736 0.682606 0.762682
0.556736 0.682606 0.762682
0.556736 0.682606 0.762682
0.556736 0.682606 0.762682
0.556736 0.682606 0.762682
0.614421 0.731942 0.791524
0.614421 0.731942 0.791524
0.614421 0.731942 0.791524
0.614421 0.731942 0.791524
0.614421 0.731942 0.791524
0.614421 0.731942 0.791524
0.614421 0.731942 0.791524
0.614421 0.731942 0.791524
0.672106 0.781278 0.820367
0.672106 0.781278 0.820367
0.672106 0.781278 0.820367
0.672106 0.781278 0.820367
0.672106 0.781278 0.820367
0.672106 0.781278 0.820367
0.672106 0.781278 0.820367
0.672106 0.781278 0.820367
0.729791 0.830614 0.849209
0.729791 0.830614 0.849209
0.729791 0.830614 0.849209
0.729791 0.830614 0.849209
0.729791 0.830614 0.849209
0.729791 0.830614 0.849209
0.729791 0.830614 0.849209
0.729791 0.830614 0.849209
0.775838 0.859203 0.866414
0.775838 0.859203 0.866414
0.775838 0.859203 0.866414
0.775838 0.859203 0.866414
0.775838 0.859203 0.866414
0.775838 0.859203 0.866414
0.775838 0.859203 0.866414
0.775838 0.859203 0.866414
0.816066 0.877419 0.877799
0.816066 0.877419 0.877799
0.816066 0.877419 0.877799
0.816066 0.877419 0.877799
0.816066 0.877419 0.877799
0.816066 0.877419 0.877799
0.816066 0.877419 0.877799
0.816066 0.877419 0.877799
0.856293 0.895636 0.889184
0.856293 0.895636 0.889184
0.856293 0.895636 0.889184
0.856293 0.895636 0.889184
0.856293 0.895636 0.889184
0.856293 0.895636 0.889184
0.856293 0.895636 0.889184
0.856293 0.895636 0.889184
0.896521 0.913852 0.900569
0.896521 0.913852 0.900569
0.896521 0.913852 0.900569
0.896521 0.913852 0.900569
0.896521 0.913852 0.900569
0.896521 0.913852 0.900569
0.896521 0.913852 0.900569
0.896521 0.913852 0.900569
0.936749 0.932068 0.911954
0.936749 0.932068 0.911954
0.936749 0.932068 0.911954
0.936749 0.932068 0.911954
0.936749 0.932068 0.911954
0.936749 0.932068 0.911954
0.936749 0.932068 0.911954
0.936749 0.932068 0.911954
0.956104 0.921442 0.874763
0.956104 0.921442 0.874763
0.956104 0.921442 0.874763
0.956104 0.921442 0.874763
0.956104 0.921442 0.874763
0.956104 0.921442 0.874763
0.956104 0.921442 0.874763
0.956104 0.921442 0.874763
0.954586 0.881973 0.788994
0.954586 0.881973 0.788994
0.954586 0.881973 0.788994
0.954586 0.881973 0.788994
0.954586 0.881973 0.788994
0.954586 0.881973 0.788994
0.954586 0.881973 0.788994
0.954586 0.881973 0.788994
0.953068 0.842505 0.703226
0.953068 0.842505 0.703226
0.953068 0.842505 0.703226
0.953068 0.842505 0.703226
0.953068 0.842505 0.703226
0.953068 0.842505 0.703226
0.953068 0.842505 0.703226
0.953068 0.842505 0.703226
0.951550 0.803036 0.617457
0.951550 0.803036 0.617457
0.951550 0.803036 0.617457
0.951550 0.803036 0.617457
0.951550 0.803036 0.617457
0.951550 0.803036 0.617457
0.951550 0.803036 0.617457
0.951550 0.803036 0.617457
0.950032 0.763567 0.531689
0.950032 0.763567 0.531689
0.950032 0.763567 0.531689
0.950032 0.763567 0.531689
0.950032 0.763567 0.531689
0.950032 0.763567 0.531689
0.950032 0.763567 0.531689
0.950032 0.763567 0.531689
0.944719 0.716256 0.462619
0.944719 0.716256 0.462619
0.944719 0.716256 0.462619
0.944719 0.716256 0.462619
0.944719 0.716256 0.462619
0.944719 0.716256 0.462619
0.944719 0.716256 0.462619
0.944719 0.716256 0.462619
0.931815 0.653257 0.426945
0.931815 0.653257 0.426945
0.931815 0.653257 0.426945
0.931815 0.653257 0.426945
0.931815 0.653257 0.426945
0.931815 0.653257 0.426945
0.931815 0.653257 0.426945
0.931815 0.653257 0.426945
0.918912 0.590259 0.391271
0.918912 0.590259 0.391271
0.918912 0.590259 0.391271
0.918912 0.590259 0.391271
0.918912 0.590259 0.391271
0.918912 0.590259 0.391271
0.918912 0.590259 0.391271
0.918912 0.590259 0.391271
0.906009 0.527261 0.355598
0.906009 0.527261 0.355598
0.906009 0.527261 0.355598
0.906009 0.527261 0.355598
0.906009 0.527261 0.355598
0.906009 0.527261 0.355598
0.906009 0.527261 0.355598
0.906009 0.527261 0.355598
0.893106 0.464263 0.319924
0.893106 0.464263 0.319924
0.893106 0.464263 0.319924
0.893106 0.464263 0.319924
0.893106 0.464263 0.319924
0.893106 0.464263 0.319924
0.893106 0.464263 0.319924
0.893106 0.464263 0.319924
0.875648 0.403036 0.288425
0.875648 0.403036 0.288425
0.875648 0.403036 0.288425
0.875648 0.403036 0.288425
0.875648 0.403036 0.288425
0.875648 0.403036 0.288425
0.875648 0.403036 0.288425
0.875648 0.403036 0.288425
0.835421 0.350664 0.277799
0.835421 0.350664 0.277799
0.835421 0.350664 0.277799
0.835421 0.350664 0.277799
0.835421 0.350664 0.277799
0.835421 0.350664 0.277799
0.835421 0.350664 0.277799
0.835421 0.350664 0.277799
0.795193 0.298292 0.267173
0.795193 0.298292 0.267173
0.795193 0.298292 0.267173
0.795193 0.298292 0.267173
0.795193 0.298292 0.267173
0.795193 0.298292 0.267173
0.795193 0.298292 0.267173
0.795193 0.298292 0.267173
0.754965 0.245920 0.256546
0.754965 0.245920 0.256546
0.754965 0.245920 0.256546
0.754965 0.245920 0.256546
0.754965 0.245920 0.256546
0.754965 0.245920 0.256546
0.754965 0.245920 0.256546
0.754965 0.245920 0.256546
0.714738 0.193548 0.245920
0.714738 0.193548 0.245920
0.714738 0.193548 0.245920
0.714738 0.193548 0.245920
0.714738 0.193548 0.245920
0.714738 0.193548 0.245920
0.714738 0.193548 0.245920
0.714738 0.193548 0.245920
0.674510 0.141176 0.235294
0.674510 0.141176 0.235294
0.674510 0.141176 0.235294
0.674510 0.141176 0.235294
0.674510 0.141176 0.235294
0.674510 0.141176 0.235294
0.674510 0.141176 0.235294
0.674510 0.141176 0.235294
