0.007843 0.278431 0.407843
0.013195 0.285383 0.415532
0.018547 0.292334 0.423222
0.023899 0.299285 0.430911
0.029250 0.306236 0.438601
0.034602 0.313187 0.446290
0.039954 0.320138 0.453979
0.045306 0.327090 0.461669
0.050657 0.334041 0.469358
0.056009 0.340992 0.477047
0.061361 0.347943 0.484737
0.066713 0.354894 0.492426
0.072065 0.361845 0.500115
0.077416 0.368797 0.507805
0.082768 0.375748 0.515494
0.088120 0.382699 0.523183
0.093472 0.389650 0.530873
0.098824 0.396601 0.538562
0.104175 0.403552 0.546251
0.109527 0.410504 0.553941
0.114879 0.417455 0.561630
0.120231 0.424406 0.569319
0.125582 0.431357 0.577009
0.130934 0.438308 0.584698
0.136286 0.445260 0.592388
0.141638 0.452211 0.600077
0.146990 0.459162 0.607766
0.152341 0.466113 0.615456
0.157693 0.473064 0.623145
0.163045 0.480015 0.630834
0.168397 0.486967 0.638524
0.173749 0.493918 0.646213
0.179100 0.500869 0.653902
0.184452 0.507820 0.661592
0.189804 0.514771 0.669281
0.195156 0.521722 0.676970
0.200507 0.528674 0.684660
0.205859 0.535625 0.692349
0.211211 0.542576 0.700038
0.216563 0.549527 0.707728
0.221915 0.556478 0.715417
0.227266 0.563429 0.723106
0.232618 0.570381 0.730796
0.237970 0.577332 0.738485
0.243322 0.584283 0.746175
0.248674 0.591234 0.753864
0.254025 0.598185 0.761553
0.259377 0.605136 0.769243
0.264729 0.612088 0.776932
0.270081 0.619039 0.784621
0.275433 0.625990 0.792311
0.280784 0.632941 0.800000
0.286136 0.639892 0.807689
0.291488 0.646844 0.815379
0.296840 0.653795 0.823068
0.302191 0.660746 0.830757
0.307543 0.667697 0.838447
0.312895 0.674648 0.846136
0.318247 0.681599 0.853825
0.323599 0.688551 0.861515
0.328950 0.695502 0.869204
0.334302 0.702453 0.876894
0.339654 0.709404 0.884583
0.345006 0.716355 0.892272
0.351480 0.722568 0.898347
0.361323 0.726567 0.899577
0.371165 0.730565 0.900807
0.381007 0.734564 0.902038
0.390850 0.738562 0.903268
0.400692 0.742561 0.904498
0.410534 0.746559 0.905729
0.420377 0.750557 0.906959
0.430219 0.754556 0.908189
0.440062 0.758554 0.909419
0.449904 0.762553 0.910650
0.459746 0.766551 0.911880
0.469589 0.770550 0.913110
0.479431 0.774548 0.914341
0.489273 0.778547 0.915571
0.499116 0.782545 0.916801
0.508958 0.786544 0.918032
0.518800 0.790542 0.919262
0.528643 0.794541 0.920492
0.538485 0.798539 0.921722
0.548328 0.802537 0.922953
0.558170 0.806536 0.924183
0.568012 0.810534 0.925413
0.577855 0.814533 0.926644
0.587697 0.818531 0.927874
0.597539 0.822530 0.929104
0.607382 0.826528 0.930334
0.617224 0.830527 0.931565
0.627067 0.834525 0.932795
0.636909 0.838524 0.934025
0.646751 0.842522 0.935256
0.656594 0.846521 0.936486
0.666436 0.850519 0.937716
0.676278 0.854517 0.938947
0.686121 0.858516 0.940177
0.695963 0.862514 0.941407
0.705805 0.866513 0.942637
0.715648 0.870511 0.943868
0.725490 0.874510 0.945098
0.735333 0.878508 0.946328
0.745175 0.882507 0.947559
0.755017 0.886505 0.948789
0.764860 0.890504 0.950019
0.774702 0.894502 0.951250
0.784544 0.898501 0.952480
0.794387 0.902499 0.953710
0.804229 0.906498 0.954940
0.814072 0.910496 0.956171
0.823914 0.914494 0.957401
0.833756 0.918493 0.958631
0.843599 0.922491 0.959862
0.853441 0.926490 0.961092
0.863283 0.930488 0.962322
0.873126 0.934487 0.963552
0.882968 0.938485 0.964783
0.892810 0.942484 0.966013
0.902653 0.946482 0.967243
0.912495 0.950481 0.968474
0.922338 0.954479 0.969704
0.932180 0.958478 0.970934
0.942022 0.962476 0.972165
0.951865 0.966474 0.973395
0.961707 0.970473 0.974625
0.971549 0.974471 0.975855
0.976071 0.973702 0.970104
0.975271 0.968166 0.957370
0.974471 0.962630 0.944637
0.973672 0.957093 0.931903
0.972872 0.951557 0.919170
0.972072 0.946021 0.906436
0.971273 0.940484 0.893702
0.970473 0.934948 0.880969
0.969673 0.929412 0.868235
0.968874 0.923875 0.855502
0.968074 0.918339 0.842768
0.967274 0.912803 0.830035
0.966474 0.907266 0.817301
0.965675 0.901730 0.804567
0.964875 0.896194 0.791834
0.964075 0.890657 0.779100
0.963276 0.885121 0.766367
0.962476 0.879585 0.753633
0.961676 0.874048 0.740900
0.960877 0.868512 0.728166
0.960077 0.862976 0.715433
0.959277 0.857439 0.702699
0.958478 0.851903 0.689965
0.957678 0.846367 0.677232
0.956878 0.840830 0.664498
0.956078 0.835294 0.651765
0.955279 0.829758 0.639031
0.954479 0.824221 0.626298
0.953679 0.818685 0.613564
0.952880 0.813149 0.600830
0.952080 0.807612 0.588097
0.951280 0.802076 0.575363
0.950481 0.796540 0.562630
0.949681 0.791003 0.549896
0.948881 0.785467 0.537163
0.948082 0.779931 0.524429
0.947282 0.774394 0.511696
0.946482 0.768858 0.498962
0.945682 0.763322 0.486228
0.944883 0.757785 0.473495
0.944083 0.752249 0.460761
0.943283 0.746713 0.448028
0.942484 0.741176 0.435294
0.941684 0.735640 0.422561
0.940884 0.730104 0.409827
0.940085 0.724567 0.397093
0.939285 0.719031 0.384360
0.938485 0.713495 0.371626
0.937686 0.707958 0.358893
0.936886 0.702422 0.346159
0.936086 0.696886 0.333426
0.935286 0.691349 0.320692
0.934487 0.685813 0.307958
0.933687 0.680277 0.295225
0.932887 0.674740 0.282491
0.932088 0.669204 0.269758
0.931288 0.663668 0.257024
0.930488 0.658131 0.244291
0.929689 0.652595 0.231557
0.928889 0.647059 0.218824
0.928089 0.641522 0.206090
0.927290 0.635986 0.193356
0.926490 0.630450 0.180623
0.925690 0.624913 0.167889
0.918293 0.618777 0.164291
0.908697 0.612441 0.163737
0.899100 0.606105 0.163183
0.889504 0.599769 0.162630
0.879908 0.593433 0.162076
0.870311 0.587097 0.161522
0.860715 0.580761 0.160969
0.851119 0.574425 0.160415
0.841522 0.568089 0.159862
0.831926 0.561753 0.159308
0.822330 0.555417 0.158754
0.812734 0.549081 0.158201
0.803137 0.542745 0.157647
0.793541 0.536409 0.157093
0.783945 0.530073 0.156540
0.774348 0.523737 0.155986
0.764752 0.517401 0.155433
0.755156 0.511065 0.154879
0.745559 0.504729 0.154325
0.735963 0.498393 0.153772
0.726367 0.492057 0.153218
0.716770 0.485721 0.152664
0.707174 0.479385 0.152111
0.697578 0.473049 0.151557
0.687982 0.466713 0.151003
0.678385 0.460377 0.150450
0.668789 0.454041 0.149896
0.659193 0.447705 0.149343
0.649596 0.441369 0.148789
0.640000 0.435033 0.148235
0.630404 0.428697 0.147682
0.620807 0.422361 0.147128
0.611211 0.416025 0.146574
0.601615 0.409689 0.146021
0.592018 0.403353 0.145467
0.582422 0.397017 0.144913
0.572826 0.390681 0.144360
0.563230 0.384344 0.143806
0.553633 0.378008 0.143253
0.544037 0.371672 0.142699
0.534441 0.365336 0.142145
0.524844 0.359000 0.141592
0.515248 0.352664 0.141038
0.505652 0.346328 0.140484
0.496055 0.339992 0.139931
0.486459 0.333656 0.139377
0.476863 0.327320 0.138824
0.467266 0.320984 0.138270
0.457670 0.314648 0.137716
0.448074 0.308312 0.137163
0.438478 0.301976 0.136609
0.428881 0.295640 0.136055
0.419285 0.289304 0.135502
0.409689 0.282968 0.134948
0.400092 0.276632 0.134394
0.390496 0.270296 0.133841
0.380900 0.263960 0.133287
0.371303 0.257624 0.132734
0.361707 0.251288 0.132180
0.352111 0.244952 0.131626
0.342514 0.238616 0.131073
0.332918 0.232280 0.130519
0.323322 0.225944 0.129965
0.313725 0.219608 0.129412
