0.360784 0.235294 0.086275
0.365459 0.238308 0.087382
0.370135 0.241323 0.088489
0.374810 0.244337 0.089596
0.379485 0.247351 0.090704
0.384160 0.250365 0.091811
0.388835 0.253379 0.092918
0.393510 0.256394 0.094025
0.398185 0.259408 0.095133
0.402860 0.262422 0.096240
0.407536 0.265436 0.097347
0.412211 0.268451 0.098454
0.416886 0.271465 0.099562
0.421561 0.274479 0.100669
0.426236 0.277493 0.101776
0.430911 0.280507 0.102884
0.435586 0.283522 0.103991
0.440261 0.286536 0.105098
0.444937 0.289550 0.106205
0.449612 0.292564 0.107313
0.454287 0.295579 0.108420
0.458962 0.298593 0.109527
0.463637 0.301607 0.110634
0.468312 0.304621 0.111742
0.472987 0.307636 0.112849
0.477662 0.310650 0.113956
0.482338 0.313664 0.115063
0.487013 0.316678 0.116171
0.491688 0.319692 0.117278
0.496363 0.322707 0.118385
0.501038 0.325721 0.119493
0.505713 0.328735 0.120600
0.510388 0.331749 0.121707
0.515063 0.334764 0.122814
0.519739 0.337778 0.123922
0.524414 0.340792 0.125029
0.529089 0.343806 0.126136
0.533764 0.346820 0.127243
0.538439 0.349835 0.128351
0.543114 0.352849 0.129458
0.547789 0.355863 0.130565
0.552464 0.358877 0.131672
0.557140 0.361892 0.132780
0.561815 0.364906 0.133887
0.566490 0.367920 0.134994
0.571165 0.370934 0.136101
0.575840 0.373948 0.137209
0.580515 0.376963 0.138316
0.585190 0.379977 0.139423
0.589865 0.382991 0.140531
0.594541 0.386005 0.141638
0.599216 0.389020 0.142745
0.603891 0.392034 0.143852
0.608566 0.395048 0.144960
0.613241 0.398062 0.146067
0.617916 0.401077 0.147174
0.622591 0.404091 0.148281
0.627266 0.407105 0.149389
0.631942 0.410119 0.150496
0.636617 0.413133 0.151603
0.641292 0.416148 0.152710
0.645967 0.419162 0.153818
0.650642 0.422176 0.154925
0.655317 0.425190 0.156032
0.660161 0.429696 0.160169
0.665513 0.438677 0.173395
0.670865 0.447659 0.186621
0.676217 0.456640 0.199846
0.681569 0.465621 0.213072
0.686920 0.474602 0.226298
0.692272 0.483583 0.239523
0.697624 0.492564 0.252749
0.702976 0.501546 0.265975
0.708328 0.510527 0.279200
0.713679 0.519508 0.292426
0.719031 0.528489 0.305652
0.724383 0.537470 0.318877
0.729735 0.546451 0.332103
0.735087 0.555433 0.345329
0.740438 0.564414 0.358554
0.745790 0.573395 0.371780
0.751142 0.582376 0.385006
0.756494 0.591357 0.398231
0.761845 0.600338 0.411457
0.767197 0.609319 0.424683
0.772549 0.618301 0.437908
0.777901 0.627282 0.451134
0.783253 0.636263 0.464360
0.788604 0.645244 0.477586
0.793956 0.654225 0.490811
0.799308 0.663206 0.504037
0.804660 0.672188 0.517263
0.810012 0.681169 0.530488
0.815363 0.690150 0.543714
0.820715 0.699131 0.556940
0.826067 0.708112 0.570165
0.831419 0.717093 0.583391
0.836770 0.726075 0.596617
0.842122 0.735056 0.609842
0.847474 0.744037 0.623068
0.852826 0.753018 0.636294
0.858178 0.761999 0.649519
0.863529 0.770980 0.662745
0.868881 0.779962 0.675971
0.874233 0.788943 0.689196
0.879585 0.797924 0.702422
0.884937 0.806905 0.715648
0.890288 0.815886 0.728874
0.895640 0.824867 0.742099
0.900992 0.833849 0.755325
0.906344 0.842830 0.768551
0.911696 0.851811 0.781776
0.917047 0.860792 0.795002
0.922399 0.869773 0.808228
0.927751 0.878754 0.821453
0.933103 0.887735 0.834679
0.938454 0.896717 0.847905
0.943806 0.905698 0.861130
0.949158 0.914679 0.874356
0.954510 0.923660 0.887582
0.959862 0.932641 0.900807
0.965213 0.941622 0.914033
0.970565 0.950604 0.927259
0.975917 0.959585 0.940484
0.981269 0.968566 0.953710
0.986621 0.977547 0.966936
0.991972 0.986528 0.980161
0.997324 0.995509 0.993387
0.993387 0.994156 0.997109
0.980161 0.982468 0.991326
0.966936 0.970780 0.985544
0.953710 0.959093 0.979762
0.940484 0.947405 0.973979
0.927259 0.935717 0.968197
0.914033 0.924029 0.962414
0.900807 0.912341 0.956632
0.887582 0.900654 0.950850
0.874356 0.888966 0.945067
0.861130 0.877278 0.939285
0.847905 0.865590 0.933502
0.834679 0.853902 0.927720
0.821453 0.842215 0.921938
0.808228 0.830527 0.916155
0.795002 0.818839 0.910373
0.781776 0.807151 0.904591
0.768551 0.795463 0.898808
0.755325 0.783775 0.893026
0.742099 0.772088 0.887243
0.728874 0.760400 0.881461
0.715648 0.748712 0.875679
0.702422 0.737024 0.869896
0.689196 0.725336 0.864114
0.675971 0.713649 0.858331
0.662745 0.701961 0.852549
0.649519 0.690273 0.846767
0.636294 0.678585 0.840984
0.623068 0.666897 0.835202
0.609842 0.655210 0.829419
0.596617 0.643522 0.823637
0.583391 0.631834 0.817855
0.570165 0.620146 0.812072
0.556940 0.608458 0.806290
0.543714 0.596770 0.800507
0.530488 0.585083 0.794725
0.517263 0.573395 0.788943
0.504037 0.561707 0.783160
0.490811 0.550019 0.777378
0.477586 0.538331 0.771596
0.464360 0.526644 0.765813
0.451134 0.514956 0.760031
0.437908 0.503268 0.754248
0.424683 0.491580 0.748466
0.411457 0.479892 0.742684
0.398231 0.468205 0.736901
0.385006 0.456517 0.731119
0.371780 0.444829 0.725336
0.358554 0.433141 0.719554
0.345329 0.421453 0.713772
0.332103 0.409765 0.707989
0.318877 0.398078 0.702207
0.305652 0.386390 0.696424
0.292426 0.374702 0.690642
0.279200 0.363014 0.684860
0.265975 0.351326 0.679077
0.252749 0.339639 0.673295
0.239523 0.327951 0.667512
0.226298 0.316263 0.661730
0.213072 0.304575 0.655948
0.199846 0.292887 0.650165
0.186621 0.281200 0.644383
0.173395 0.269512 0.638601
0.160169 0.257824 0.632818
0.156078 0.253195 0.626990
0.155033 0.250919 0.621146
0.153987 0.248643 0.615302
0.152941 0.246367 0.609458
0.151895 0.244091 0.603614
0.150850 0.241815 0.597770
0.149804 0.239539 0.591926
0.148758 0.237263 0.586082
0.147712 0.234987 0.580238
0.146667 0.232710 0.574394
0.145621 0.230434 0.568551
0.144575 0.228158 0.562707
0.143529 0.225882 0.556863
0.142484 0.223606 0.551019
0.141438 0.221330 0.545175
0.140392 0.219054 0.539331
0.139346 0.216778 0.533487
0.138301 0.214502 0.527643
0.137255 0.212226 0.521799
0.136209 0.209950 0.515955
0.135163 0.207674 0.510111
0.134118 0.205398 0.504268
0.133072 0.203122 0.498424
0.132026 0.200846 0.492580
0.130980 0.198570 0.486736
0.129935 0.196294 0.480892
0.128889 0.194018 0.475048
0.127843 0.191742 0.469204
0.126797 0.189466 0.463360
0.125752 0.187190 0.457516
0.124706 0.184913 0.451672
0.123660 0.182637 0.445829
0.122614 0.180361 0.439985
0.121569 0.178085 0.434141
0.120523 0.175809 0.428297
0.119477 0.173533 0.422453
0.118431 0.171257 0.416609
0.117386 0.168981 0.410765
0.116340 0.166705 0.404921
0.115294 0.164429 0.399077
0.114248 0.162153 0.393233
0.113203 0.159877 0.387389
0.112157 0.157601 0.381546
0.111111 0.155325 0.375702
0.110065 0.153049 0.369858
0.109020 0.150773 0.364014
0.107974 0.148497 0.358170
0.106928 0.146221 0.352326
0.105882 0.143945 0.346482
0.104837 0.141669 0.340638
0.103791 0.139393 0.334794
0.102745 0.137116 0.328950
0.101699 0.134840 0.323106
0.100654 0.132564 0.317263
0.099608 0.130288 0.311419
0.098562 0.128012 0.305575
0.097516 0.125736 0.299731
0.096471 0.123460 0.293887
0.095425 0.121184 0.288043
0.094379 0.118908 0.282199
0.093333 0.116632 0.276355
0.092288 0.114356 0.270511
0.091242 0.112080 0.264667
0.090196 0.109804 0.258824
