0.019608 0.188235 0.380392
0.024375 0.195848 0.387928
0.029143 0.203460 0.395463
0.033910 0.211073 0.402999
0.038677 0.218685 0.410534
0.043445 0.226298 0.418070
0.048212 0.233910 0.425606
0.052980 0.241522 0.433141
0.057747 0.249135 0.440677
0.062514 0.256747 0.448212
0.067282 0.264360 0.455748
0.072049 0.271972 0.463283
0.076817 0.279585 0.470819
0.081584 0.287197 0.478354
0.086351 0.294810 0.485890
0.091119 0.302422 0.493426
0.095886 0.310035 0.500961
0.100654 0.317647 0.508497
0.105421 0.325260 0.516032
0.110188 0.332872 0.523568
0.114956 0.340484 0.531103
0.119723 0.348097 0.538639
0.124491 0.355709 0.546175
0.129258 0.363322 0.553710
0.134025 0.370934 0.561246
0.138793 0.378547 0.568781
0.143560 0.386159 0.576317
0.148328 0.393772 0.583852
0.153095 0.401384 0.591388
0.157862 0.408997 0.598923
0.162630 0.416609 0.606459
0.167397 0.424221 0.613995
0.172165 0.431834 0.621530
0.176932 0.439446 0.629066
0.181699 0.447059 0.636601
0.186467 0.454671 0.644137
0.191234 0.462284 0.651672
0.196002 0.469896 0.659208
0.200769 0.477509 0.666744
0.205536 0.485121 0.674279
0.210304 0.492734 0.681815
0.215071 0.500346 0.689350
0.219839 0.507958 0.696886
0.224606 0.515571 0.704421
0.229373 0.523183 0.711957
0.234141 0.530796 0.719493
0.238908 0.538408 0.727028
0.243676 0.546021 0.734564
0.248443 0.553633 0.742099
0.253210 0.561246 0.749635
0.257978 0.568858 0.757170
0.262745 0.576471 0.764706
0.272075 0.581699 0.767474
0.281405 0.586928 0.770242
0.290734 0.592157 0.773010
0.300064 0.597386 0.775779
0.309394 0.602614 0.778547
0.318724 0.607843 0.781315
0.328053 0.613072 0.784083
0.337383 0.618301 0.786851
0.346713 0.623529 0.789619
0.356043 0.628758 0.792388
0.365372 0.633987 0.795156
0.374702 0.639216 0.797924
0.384032 0.644444 0.800692
0.393362 0.649673 0.803460
0.402691 0.654902 0.806228
0.412021 0.660131 0.808997
0.421351 0.665359 0.811765
0.430681 0.670588 0.814533
0.440010 0.675817 0.817301
0.449340 0.681046 0.820069
0.458670 0.686275 0.822837
0.467999 0.691503 0.825606
0.477329 0.696732 0.828374
0.486659 0.701961 0.831142
0.495989 0.707190 0.833910
0.505318 0.712418 0.836678
0.514648 0.717647 0.839446
0.523978 0.722876 0.842215
0.533308 0.728105 0.844983
0.542637 0.733333 0.847751
0.551967 0.738562 0.850519
0.561297 0.743791 0.853287
0.570627 0.749020 0.856055
0.579956 0.754248 0.858824
0.589286 0.759477 0.861592
0.598616 0.764706 0.864360
0.607946 0.769935 0.867128
0.617275 0.775163 0.869896
0.626605 0.780392 0.872664
0.635935 0.785621 0.875433
0.645265 0.790850 0.878201
0.654594 0.796078 0.880969
0.663924 0.801307 0.883737
0.673254 0.806536 0.886505
0.682584 0.811765 0.889273
0.691913 0.816993 0.892042
0.701243 0.822222 0.894810
0.710573 0.827451 0.897578
0.719903 0.832680 0.900346
0.729232 0.837908 0.903114
0.738562 0.843137 0.905882
0.747892 0.848366 0.908651
0.757222 0.853595 0.911419
0.766551 0.858824 0.914187
0.775881 0.864052 0.916955
0.785211 0.869281 0.919723
0.794541 0.874510 0.922491
0.803870 0.879739 0.925260
0.813200 0.884967 0.928028
0.822530 0.890196 0.930796
0.831860 0.895425 0.933564
0.841189 0.900654 0.936332
0.850519 0.905882 0.939100
0.859849 0.911111 0.941869
0.869179 0.916340 0.944637
0.878508 0.921569 0.947405
0.887838 0.926797 0.950173
0.897168 0.932026 0.952941
0.906498 0.937255 0.955709
0.915827 0.942484 0.958478
0.925157 0.947712 0.961246
0.934487 0.952941 0.964014
0.943816 0.958170 0.966782
0.953146 0.963399 0.969550
0.962476 0.968627 0.972318
0.971806 0.973856 0.975087
0.975573 0.972549 0.972062
0.973779 0.964706 0.963245
0.971985 0.956863 0.954428
0.970191 0.949020 0.945611
0.968397 0.941176 0.936794
0.966603 0.933333 0.927976
0.964808 0.925490 0.919159
0.963014 0.917647 0.910342
0.961220 0.909804 0.901525
0.959426 0.901961 0.892708
0.957632 0.894118 0.883891
0.955837 0.886275 0.875074
0.954043 0.878431 0.866257
0.952249 0.870588 0.857439
0.950455 0.862745 0.848622
0.948661 0.854902 0.839805
0.946867 0.847059 0.830988
0.945072 0.839216 0.822171
0.943278 0.831373 0.813354
0.941484 0.823529 0.804537
0.939690 0.815686 0.795720
0.937896 0.807843 0.786902
0.936101 0.800000 0.778085
0.934307 0.792157 0.769268
0.932513 0.784314 0.760451
0.930719 0.776471 0.751634
0.928925 0.768627 0.742817
0.927131 0.760784 0.734000
0.925336 0.752941 0.725183
0.923542 0.745098 0.716366
0.921748 0.737255 0.707548
0.919954 0.729412 0.698731
0.918160 0.721569 0.689914
0.916366 0.713725 0.681097
0.914571 0.705882 0.672280
0.912777 0.698039 0.663463
0.910983 0.690196 0.654646
0.909189 0.682353 0.645829
0.907395 0.674510 0.637011
0.905600 0.666667 0.628194
0.903806 0.658824 0.619377
0.902012 0.650980 0.610560
0.900218 0.643137 0.601743
0.898424 0.635294 0.592926
0.896630 0.627451 0.584109
0.894835 0.619608 0.575292
0.893041 0.611765 0.566474
0.891247 0.603922 0.557657
0.889453 0.596078 0.548840
0.887659 0.588235 0.540023
0.885864 0.580392 0.531206
0.884070 0.572549 0.522389
0.882276 0.564706 0.513572
0.880482 0.556863 0.504755
0.878688 0.549020 0.495937
0.876894 0.541176 0.487120
0.875099 0.533333 0.478303
0.873305 0.525490 0.469486
0.871511 0.517647 0.460669
0.869717 0.509804 0.451852
0.867923 0.501961 0.443035
0.866128 0.494118 0.434218
0.864334 0.486275 0.425400
0.862540 0.478431 0.416583
0.860746 0.470588 0.407766
0.858952 0.462745 0.398949
0.857158 0.454902 0.390132
0.855363 0.447059 0.381315
0.853569 0.439216 0.372498
0.851775 0.431373 0.363681
0.849981 0.423529 0.354864
0.848187 0.415686 0.346046
0.846392 0.407843 0.337229
0.844598 0.400000 0.328412
0.842804 0.392157 0.319595
0.841010 0.384314 0.310778
0.839216 0.376471 0.301961
0.830681 0.369089 0.298424
0.822145 0.361707 0.294887
0.813610 0.354325 0.291349
0.805075 0.346943 0.287812
0.796540 0.339562 0.284275
0.788005 0.332180 0.280738
0.779469 0.324798 0.277201
0.770934 0.317416 0.273664
0.762399 0.310035 0.270127
0.753864 0.302653 0.266590
0.745329 0.295271 0.263053
0.736794 0.287889 0.259516
0.728258 0.280507 0.255978
0.719723 0.273126 0.252441
0.711188 0.265744 0.248904
0.702653 0.258362 0.245367
0.694118 0.250980 0.241830
0.685582 0.243599 0.238293
0.677047 0.236217 0.234756
0.668512 0.228835 0.231219
0.659977 0.221453 0.227682
0.651442 0.214072 0.224145
0.642907 0.206690 0.220607
0.634371 0.199308 0.217070
0.625836 0.191926 0.213533
0.617301 0.184544 0.209996
0.608766 0.177163 0.206459
0.600231 0.169781 0.202922
0.591696 0.162399 0.199385
0.583160 0.155017 0.195848
0.574625 0.147636 0.192311
0.566090 0.140254 0.188774
0.557555 0.132872 0.185236
0.549020 0.125490 0.181699
0.540484 0.118108 0.178162
0.531949 0.110727 0.174625
0.523414 0.103345 0.171088
0.514879 0.095963 0.167551
0.506344 0.088581 0.164014
0.497809 0.081200 0.160477
0.489273 0.073818 0.156940
0.480738 0.066436 0.153403
0.472203 0.059054 0.149865
0.463668 0.051672 0.146328
0.455133 0.044291 0.142791
0.446597 0.036909 0.139254
0.438062 0.029527 0.135717
0.429527 0.022145 0.132180
0.420992 0.014764 0.128643
0.412457 0.007382 0.125106
0.403922 0.000000 0.121569
